"tumorMean"	"controlMean"	"tumorsd"	"controlsd"	"pvals3"
"hsa-miR-30c-2-3p"	162.21412178	374.34400182	65.816614676909	73.8506798948375	0.00000000000000000000000000263405787324478
"hsa-miR-2355-5p"	66.08049658	21.80877418	20.4167147459151	7.65425105320256	0.00000000000000000000184903118939938
"hsa-miR-15a-5p"	148.8448079	60.8986282	41.3091801844701	18.6408187428142	0.00000000000000000000273159672116804
"hsa-miR-200b-3p"	138.97877538	455.52809816	75.5594913346866	151.068439972567	0.00000000000000000000529912034581792
"hsa-miR-210-3p"	4232.52953414	316.91819672	1854.74116938393	314.048824034316	0.0000000000000000000380376927540356
"hsa-miR-584-5p"	42.77017732	10.91166032	15.9966987462091	7.15651061825498	0.0000000000000000000745668061409738
"hsa-miR-330-5p"	19.32231512	6.26841938	6.5730801338639	2.77814773636874	0.0000000000000000000927611717414837
"hsa-miR-28-3p"	4349.05615402	1905.64229936	1222.89853696548	436.584341102521	0.0000000000000000000986694708486378
"hsa-miR-200a-5p"	148.96311558	338.82493976	77.3584382239082	93.0069811366549	0.000000000000000000779237455970213
"hsa-miR-151a-3p"	1674.5708248	977.92116924	367.559577582357	107.449905256904	0.00000000000000000153425997208149
"hsa-miR-10b-3p"	37.54555026	61.27574198	12.6914768235482	9.7579841486175	0.0000000000000000225375608344391
"hsa-miR-23a-3p"	2825.76467252	1437.16176234	811.340660147754	385.813398476872	0.0000000000000000859007575968498
"hsa-miR-193a-5p"	264.99275514	99.5291617	97.0671046951984	59.0452686494603	0.000000000000000224647287919869
"hsa-miR-200a-3p"	94.51813596	239.3097048	53.8504848369038	84.8964965977737	0.000000000000000286189316763701
"hsa-miR-10b-5p"	180390.6550328	300976.353736	70855.9140916914	45556.1571112935	0.000000000000000348250163652299
"hsa-miR-106b-3p"	199.26185976	57.21159864	86.4394554025601	24.7621849203677	0.000000000000000557759865555812
"hsa-let-7b-5p"	13865.8514836	7093.2371081	4167.96685776933	1937.1221993314	0.000000000000000802689902357922
"hsa-miR-16-1-3p"	4.42466964	1.43554644	1.85300938644167	0.90047686915339	0.0000000000000011755803627578
"hsa-miR-181a-3p"	192.4299466	78.75583444	71.031767808174	17.2478924930432	0.00000000000000176635305548151
"hsa-miR-93-5p"	2610.86928382	1139.72329042	921.295356465679	444.46538037838	0.0000000000000017864631094086
"hsa-miR-206"	0.3783491	5.50168058	0.983687126395302	3.2337700264863	0.00000000000000223667911042515
"hsa-miR-374a-3p"	820.86378654	402.31513458	265.610112689256	125.923790010741	0.00000000000000302317272215105
"hsa-miR-576-5p"	15.63821038	5.68876032	6.43074966146017	1.7078584961887	0.00000000000000598669030684081
"hsa-miR-25-3p"	4829.68235158	2294.5872506	1641.36785507086	457.331381849304	0.00000000000000622639109390132
"hsa-miR-21-5p"	167746.1677906	37041.5167013	88913.1193757484	32670.6529973829	0.0000000000000383209305507614
"hsa-miR-10a-3p"	1.58733818	4.64318164	1.17086104495954	2.06153737661157	0.000000000000067452696020277
"hsa-miR-148b-3p"	221.1324548	139.61660942	56.4842518109857	25.385749252702	0.0000000000000939234228640962
"hsa-miR-200b-5p"	4.46868384	11.79590832	2.71727580822845	5.10160434809117	0.000000000000179729024936859
"hsa-miR-10a-5p"	27513.12557856	60993.5061972	16068.9693079315	22172.3418804968	0.000000000000197800617514281
"hsa-miR-141-3p"	7.27171416	195.58051002	23.0162133867716	134.444516710893	0.000000000000243598601425381
"hsa-miR-106b-5p"	144.84855068	74.85775912	49.5449840215534	23.8155346819488	0.000000000000246045213021584
"hsa-miR-629-5p"	75.12824678	20.87184938	39.2283996002418	10.9641680355755	0.000000000000344088741419909
"hsa-miR-362-5p"	10.17517764	78.19534012	7.0734771618743	49.1337763512688	0.000000000000371954397260976
"hsa-miR-186-5p"	332.8416333	176.2061464	113.97320150451	37.228381021702	0.00000000000043642533424969
"hsa-miR-199b-3p"	794.18343104	1665.11993474	537.059048011126	514.805779463403	0.000000000000651757376602345
"hsa-miR-342-5p"	12.14787842	4.0308324	6.13132131541003	2.09478756236074	0.00000000000164314542334817
"hsa-miR-200c-3p"	71.49506186	1477.79036538	220.274847623237	1081.81109063977	0.00000000000282986256658159
"hsa-miR-342-3p"	171.58876292	62.23130338	85.7809353023345	34.9885989919471	0.00000000000717489369119454
"hsa-miR-126-5p"	758.0623796	360.53141372	307.523824608129	155.690164534637	0.00000000000747896138917615
"hsa-miR-500a-3p"	244.07161718	600.20162158	216.750178489381	240.8742586951	0.00000000000821813275963691
"hsa-miR-660-5p"	33.98822918	93.61057926	18.432226108257	47.5039523810033	0.0000000000113021341975509
"hsa-miR-184"	0.34776522	11.8820619	0.76297221249027	9.34521442648918	0.0000000000149322728818396
"hsa-miR-361-3p"	124.02271484	61.07302928	50.7970630428594	17.3894973396696	0.0000000000150826730204296
"hsa-miR-340-3p"	10.63504848	4.79051706	4.70729896395826	1.87980561669508	0.0000000000168749849426169
"hsa-miR-24-1-5p"	14.71732284	31.71255998	6.60057169122083	13.7817741646285	0.0000000000314997963012954
"hsa-miR-126-3p"	13608.14836356	6935.734762	5540.45945025748	2162.32237191518	0.0000000000440709739332595
"hsa-miR-874-3p"	16.30388266	43.01197562	16.3340397054617	19.5789723679681	0.0000000000525564193394625
"hsa-miR-140-3p"	1327.79522972	820.1878605	381.063302876327	300.985374831638	0.000000000061903932798949
"hsa-miR-532-5p"	758.76383636	1493.99661184	492.604472540591	509.440401641847	0.0000000000645221497088757
"hsa-miR-3613-5p"	15.78955728	4.89630052	9.22735030566713	2.83357927050194	0.0000000000650012200666783
"hsa-miR-629-3p"	6.340984	1.8731779	3.80350445904915	0.949182373119188	0.0000000000692375158011563
"hsa-miR-142-3p"	3713.71315468	751.03249466	2535.48120776799	651.713337162981	0.0000000000818925300103354
"hsa-let-7i-5p"	480.25975666	235.52212728	204.831674472251	96.9785141382563	0.000000000085973535743216
"hsa-miR-188-5p"	2.27415062	6.94091896	2.76549902227511	3.55616370774748	0.0000000000872863603165672
"hsa-miR-7-1-3p"	22.93513736	11.39225068	9.8180363165726	3.91551456237277	0.0000000000978806981027518
"hsa-miR-141-5p"	3.951147	67.22947864	13.6174629323424	54.6224631430139	0.000000000105025496753705
"hsa-miR-30a-5p"	112779.4859948	173291.983316	50363.6600485709	28716.5960003689	0.000000000149222792614517
"hsa-miR-429"	18.82244832	110.79786652	12.9829160974365	80.7803012094277	0.000000000162877038370867
"hsa-miR-30a-3p"	40911.7651972	63360.5406952	16998.2625221329	14364.005726078	0.000000000190085591407108
"hsa-miR-501-3p"	67.36787574	130.83539506	44.5854796855665	45.372063333151	0.000000000247601149592900
"hsa-miR-592"	30.59466706	3.0181314	24.6116561017522	1.89093857430292	0.000000000251641225969617
"hsa-miR-129-1-3p"	0.02661942	1.88970154	0.119666167916074	1.66486734468585	0.000000000260523394686731
"hsa-miR-1271-5p"	10.09344916	3.71459132	5.65636198764566	1.75441864045372	0.00000000026074508722823
"hsa-miR-30b-5p"	398.61301774	1241.25372008	233.655452730925	762.54633998279	0.000000000468245719162964
"hsa-miR-502-3p"	11.17987364	21.31840366	7.36012734008007	7.32311512970399	0.000000000505002428460704
"hsa-miR-17-3p"	119.36422976	79.28027312	35.6073818884678	16.5359666697867	0.000000000524277273911189
"hsa-miR-452-5p"	70.79550862	14.61381444	51.6234643558122	7.25069937860992	0.000000000576248379324856
"hsa-let-7b-3p"	32.91828606	21.06347796	10.0102940797472	6.88730367089132	0.000000000806386371469913
"hsa-miR-214-3p"	1.79607016	5.92530472	2.32950748117211	3.57904484987236	0.0000000011984170855928
"hsa-miR-3127-5p"	3.51278088	1.51392118	1.65894587547677	1.32525651371481	0.0000000018942741361178
"hsa-miR-27b-5p"	14.9998405	22.28899692	6.01219567204185	4.88906362604843	0.00000000189836484019055
"hsa-miR-433-3p"	0.317055	1.34675974	0.473858794079599	0.95010119996197	0.00000000202368628607627
"hsa-miR-15b-5p"	156.7157423	78.75147146	74.3953828078608	22.3764592584072	0.0000000020555094131834
"hsa-miR-27b-3p"	915.58788918	1583.97322672	381.404009604175	591.468742249216	0.00000000210791261543389
"hsa-miR-197-3p"	386.49726354	236.3885995	139.316482196416	69.6214268385599	0.00000000241305991038691
"hsa-miR-452-3p"	6.59000832	1.35804816	5.06603801890739	0.925752190001198	0.00000000245400417920627
"hsa-miR-136-5p"	9.02069098	23.77448452	6.66346589384233	13.7964308076603	0.00000000267152779982314
"hsa-miR-340-5p"	18.34817304	7.27022306	10.4967602090934	4.57367994189814	0.00000000291713290254946
"hsa-miR-21-3p"	1392.59992288	455.46359396	860.842335830727	485.223198267205	0.00000000294117578146723
"hsa-miR-138-1-3p"	0.16221906	1.17841804	0.511425617357008	0.939064577620838	0.00000000298655990334091
"hsa-miR-154-5p"	1.07718258	4.2501678	1.06779978376282	3.06895690369533	0.00000000345382539671931
"hsa-let-7e-3p"	13.79452804	22.86279418	6.94974398686259	7.04535918842192	0.00000000371271313745397
"hsa-miR-142-5p"	74.03106076	19.24580066	53.4182078071619	17.1998693447003	0.00000000393156619972127
"hsa-miR-155-5p"	743.984908	53.26670086	684.010154453562	40.4534875273649	0.00000000405411968198818
"hsa-miR-484"	104.71721846	57.25299308	45.079201149077	22.02654986539	0.00000000430561745477103
"hsa-miR-196b-5p"	2317.62916408	710.91986322	1601.53296542389	292.514435996392	0.00000000522503777655645
"hsa-miR-369-5p"	0.37538102	3.9546874	0.498618972746193	3.57590864146328	0.00000000529749238766215
"hsa-miR-423-3p"	113.16106922	74.90700574	36.747424944641	17.4022559275988	0.00000000535542803559633
"hsa-miR-15b-3p"	13.8030771	5.58172436	8.04242784879361	3.1144243533248	0.00000000551255840163489
"hsa-miR-34a-5p"	254.05105948	119.22727412	129.710411626222	64.6739633164053	0.00000000659833812971937
"hsa-miR-3065-3p"	19.8054443	53.23480302	18.6916588647822	31.3056492522024	0.00000000685266352983495
"hsa-miR-185-5p"	51.0540982	23.34521	27.6791594933282	8.42420492676281	0.00000000707273703172822
"hsa-miR-331-3p"	33.96632566	20.11159328	11.6984896456057	10.1080381914296	0.00000000759898256436677
"hsa-miR-532-3p"	67.83313006	161.5540454	76.0421138766304	72.5259842031597	0.00000000829223982666347
"hsa-miR-130b-5p"	9.01721178	3.82428754	5.16042990352637	2.11457951329463	0.00000000935015952897706
"hsa-miR-193a-3p"	11.5105799	5.80634946	5.69203009498648	2.25363706922936	0.00000000975396008805637
"hsa-miR-28-5p"	94.97761692	63.3257168	28.945530525213	20.4865059921391	0.0000000107899065689229
"hsa-miR-30b-3p"	3.99531952	9.22711944	4.52627299939124	3.87672784303789	0.0000000137676573772278
"hsa-miR-502-5p"	0.42928826	1.57727506	0.414616996686064	1.16874606772157	0.0000000137740293433164
"hsa-miR-200c-5p"	0.143951	3.73999228	0.451842920715433	3.81517946739787	0.0000000229668403019182
"hsa-miR-500a-5p"	4.5347753	11.98366394	3.64554567924868	7.66758468363522	0.0000000339697365308519
"hsa-miR-500b-5p"	4.53185632	11.98370784	3.64358485630868	7.67465003482371	0.0000000342742580170138
"hsa-miR-3065-5p"	1.53824542	4.94669188	1.64027265198374	3.543489888831	0.0000000403873464739152
"hsa-miR-376a-5p"	0.25542344	1.25079838	0.360391317188163	1.0651856526329	0.0000000449864464550783
"hsa-miR-3928-3p"	2.04567598	0.96575892	1.08052328207963	0.660957700963143	0.0000000465535690033754
"hsa-miR-181a-2-3p"	876.42469186	540.8360119	327.826223076731	224.696797881906	0.0000000505584188784697
"hsa-miR-454-3p"	9.79110864	5.69423776	4.04706486864718	2.66799712034672	0.0000000520895091676728
"hsa-let-7i-3p"	94.503149	49.39905354	47.1249392597059	24.9095149795964	0.0000000709536961090124
"hsa-miR-590-5p"	14.75005668	7.98578726	7.35138679908471	2.96311701105899	0.0000000863457923644282
"hsa-miR-18a-3p"	1.03838002	0.35888258	0.690792037693985	0.445125885603809	0.0000000937475734046567
"hsa-miR-214-5p"	5.30401992	11.86479254	4.50730968382514	6.59532300535097	0.000000102704892534584
"hsa-miR-136-3p"	1.70534952	4.22809952	1.34617006800174	2.70339305503097	0.000000106527986864966
"hsa-miR-203a"	372.76688742	1234.87493506	336.77676501769	955.897411706496	0.000000110444817973888
"hsa-miR-501-5p"	2.91524372	6.75100854	1.84947049762191	4.22167951836281	0.000000139765236981868
"hsa-miR-204-5p"	423.9934163	1037.0798505	364.559404182445	656.0947700088	0.000000155556868870239
"hsa-miR-17-5p"	267.58484976	186.4920444	83.9334933608933	57.2955869743194	0.000000208001810943555
"hsa-miR-1249"	2.24040666	0.9256835	1.45263001843774	0.738072780380459	0.000000234753715010911
"hsa-miR-374b-3p"	2.1871617	1.26046962	0.925471881037557	0.727719883001523	0.000000251327608177933
"hsa-miR-218-1-3p"	0.2946028	1.39432842	0.398840824280892	1.28834932438816	0.000000325697495436737
"hsa-miR-376c-3p"	1.00596344	3.50655992	1.23045040729274	2.86766106998401	0.000000340653007634658
"hsa-miR-374a-5p"	27.79478008	18.33967578	10.5397131808883	5.66994951168935	0.000000353287932866977
"hsa-miR-590-3p"	5.35665028	2.59358334	3.20539334374326	1.42056429585498	0.00000047408838515989
"hsa-miR-335-5p"	5.7356046	14.67152596	7.38508229917732	9.06989605103588	0.000000493388381811044
"hsa-miR-155-3p"	1.33886772	0.0471442	1.58036453014217	0.114815491346165	0.000000522172926365127
"hsa-miR-942-5p"	3.6382669	1.75656664	2.21097597487493	0.903379442457242	0.000000522927220157136
"hsa-miR-127-3p"	111.37023868	245.19846812	83.1780539758718	153.201971834322	0.000000661942111971691
"hsa-miR-892a"	0.07215878	0.92434314	0.438454086304314	1.01043613031401	0.000000722997169910823
"hsa-miR-3678-5p"	0.6502595	0.17127856	0.572907475153845	0.23521982369214	0.00000077250354366479
"hsa-miR-3677-3p"	4.148243	1.7796372	2.88479952237046	0.933145849401094	0.000000780317938129669
"hsa-miR-411-5p"	1.3967092	3.67447364	1.28825681467729	2.68285042221202	0.000000814400626841532
"hsa-miR-99b-3p"	50.66374892	38.25007264	13.4815641699899	9.65148942769139	0.00000085723589219451
"hsa-miR-330-3p"	2.08538294	1.12979364	1.0951873422601	0.666411207594027	0.00000110373638863608
"hsa-miR-33a-5p"	6.50340602	22.89381102	5.93540635445102	20.5953250508004	0.00000130928359324709
"hsa-miR-146a-5p"	91.55853064	41.0811608	61.923183174428	26.8830257452015	0.00000147056119364326
"hsa-miR-891b"	0.00803768	0.55007296	0.0568349803300749	0.7017650485385	0.00000160812240800478
"hsa-miR-320a"	581.32427112	391.0146147	232.292184542427	112.057095904858	0.00000173375593094788
"hsa-miR-224-3p"	4.4919382	1.58414594	3.7016248509394	1.1083271767981	0.00000175429143491954
"hsa-miR-891a-5p"	7.5458643	58.84727324	39.0647071147151	59.3256722780863	0.00000198654668309731
"hsa-miR-143-5p"	138.84213128	81.27566744	61.4729839849336	52.3861756540275	0.00000220190441378756
"hsa-miR-130b-3p"	5.78699376	2.50934802	4.14651589120799	1.63647439667482	0.00000224589056893709
"hsa-miR-616-5p"	4.56737302	1.69480586	3.75530132243791	0.883760768808909	0.00000244838473945478
"hsa-miR-1228-5p"	0.7136436	0.11539898	0.785397596193684	0.169744285321557	0.00000253863715530827
"hsa-miR-503-5p"	94.8629527	30.64535374	85.096809087207	18.6957949567905	0.00000304732558375036
"hsa-miR-151a-5p"	101.3558924	71.0705949	39.4853124292349	13.9463396257864	0.00000336991028492489
"hsa-miR-455-5p"	52.02955226	30.15873778	27.9953817592197	12.1347881179145	0.00000339789835444738
"hsa-miR-3615"	2.0588904	0.76500678	1.6029637290774	0.877453596464579	0.0000034970057279963
"hsa-miR-1251-5p"	9.3655495	33.0044343	12.0497572048074	30.7059314679459	0.00000370161549437057
"hsa-miR-122-5p"	27.9014477	0.22154638	37.717902851858	0.330530363337402	0.00000403164652433323
"hsa-miR-149-5p"	10.3251443	26.34862026	11.6067262810125	19.8802701281823	0.00000460139471123078
"hsa-miR-16-2-3p"	5.14274926	2.64303734	3.18003337925002	1.62530151998611	0.00000463953903437852
"hsa-miR-1301-3p"	13.4152327	8.30215428	6.69010812007382	2.80177447248986	0.00000479254511378207
"hsa-miR-1228-3p"	0.54635908	0.13564358	0.541773637391486	0.222175310371006	0.00000535022520481814
"hsa-miR-2277-5p"	2.34861256	0.42261024	2.65328984880743	0.378296622987433	0.00000538613240562331
"hsa-miR-363-3p"	10.3752621	37.04837278	22.672302029613	31.7461493944767	0.00000556537873146831
"hsa-miR-125a-5p"	1074.48304358	1395.04345914	328.329773712337	343.444706010745	0.00000641999380976649
"hsa-miR-29a-3p"	4643.4233648	6791.4808925	1850.4985218199	2574.52133156727	0.00000660243347395156
"hsa-let-7g-5p"	695.0828253	932.09109586	274.038954821001	221.359335290166	0.00000708573190711327
"hsa-miR-140-5p"	94.77259112	69.40829226	25.616502637419	28.281197511881	0.00000858046944056961
"hsa-miR-3170"	6.3728752	2.76449904	5.02915436162032	1.57535366141064	0.00000979864894252372
"hsa-miR-625-3p"	121.43367848	41.31784326	115.047999023253	17.1568975709024	0.0000111392481823177
"hsa-miR-589-5p"	35.89499104	24.134179	15.2278926603909	9.20462588111304	0.0000117026211778634
"hsa-miR-27a-3p"	845.5811211	569.0251901	320.880767261511	277.73706681134	0.0000125024760552825
"hsa-miR-181d-5p"	9.8388364	5.29592488	6.31115590441996	2.49623652173203	0.0000126583450023001
"hsa-miR-93-3p"	9.18610004	6.2648722	3.47186124394558	2.86399917521874	0.0000136411420708105
"hsa-miR-1277-3p"	2.04716868	1.05565184	1.34668192117016	0.665601282715796	0.0000138593795821333
"hsa-miR-150-3p"	1.91041528	0.80025206	1.44967153431599	0.890290609684171	0.0000145204335941953
"hsa-miR-497-3p"	1.4938244	0.46089074	1.48616684842906	0.439980313412827	0.000015944892266155
"hsa-miR-539-5p"	2.82539516	7.49932664	2.89304415370974	6.55542096481858	0.00001832927169481
"hsa-miR-377-5p"	0.2845826	0.90240574	0.490018841822205	0.824041100501193	0.0000184568207269614
"hsa-miR-34a-3p"	0.8868659	0.33591138	0.759693251104204	0.392813017808462	0.0000203693950188737
"hsa-miR-3912-3p"	1.05975296	0.45729676	0.837751650173783	0.418836313268354	0.0000213719496916524
"hsa-miR-2277-3p"	0.56881076	0.15140002	0.607472908520696	0.203548227865545	0.0000218678275778811
"hsa-miR-338-3p"	381.50801348	235.23573998	148.660754576126	177.760003870005	0.0000221746832883293
"hsa-let-7e-5p"	1511.28275342	2006.90220784	536.482751034954	576.849602981563	0.0000229427370808483
"hsa-miR-3191-3p"	0.46083304	0.04115	0.630408340943634	0.126856145864325	0.0000253608213080852
"hsa-miR-581"	1.04145572	0.50894492	0.714902272021992	0.452449061033793	0.0000264806846768605
"hsa-miR-323a-3p"	0.88134696	3.47559804	1.06572545587616	3.86600224952587	0.0000266348614080017
"hsa-miR-769-5p"	11.17589464	8.11541844	3.98782176093607	2.83252043090615	0.0000274920115706925
"hsa-miR-760"	1.3087935	0.22440162	1.63591210373356	0.344832447741247	0.0000276710485380415
"hsa-miR-337-3p"	11.24818952	22.25802506	9.27361365172992	15.0285817144245	0.0000314572523298816
"hsa-miR-937-3p"	0.68263582	0.22023476	0.686210074152601	0.258352753132229	0.0000348210004422166
"hsa-miR-323b-3p"	1.6492463	6.81083014	1.7171797854804	7.89588327681899	0.0000348501057554521
"hsa-miR-655-3p"	0.33592228	0.84639154	0.46641127030525	0.686491993546968	0.0000372740363842333
"hsa-miR-934"	0.00576418	1.41288632	0.0328117011642717	2.19458532513297	0.0000375008849871608
"hsa-miR-3614-3p"	0.3894917	0.0920679	0.446053983941555	0.158660068892039	0.0000380040564386385
"hsa-miR-32-3p"	0.5320478	1.09200252	0.371850232874056	0.819392992580215	0.0000388488671047996
"hsa-miR-148a-3p"	33351.1713522	16836.3050464	25678.7502140727	3454.01972528276	0.0000389056975539292
"hsa-miR-654-3p"	4.12982994	10.27983512	4.46608407698932	8.92280699681175	0.000042735959071963
"hsa-miR-299-5p"	0.37872876	1.11971214	0.432769495950261	1.11206465779879	0.0000436150748835413
"hsa-miR-216b-5p"	0.11174008	3.2757507	0.328038453557011	5.00315642572417	0.0000469615489341324
"hsa-miR-19b-1-5p"	4.17261866	2.68087276	2.14488193290884	1.16837467223808	0.0000470005325580137
"hsa-miR-188-3p"	2.80869122	6.17276342	4.26243752745922	3.62647790255271	0.000049623831937953
"hsa-miR-130a-3p"	88.64480626	129.40377302	40.3274860430563	54.4224515719801	0.0000509721244398833
"hsa-miR-487b-3p"	1.25961164	3.18089168	1.31317301286296	2.85919415377227	0.0000518109014723012
"hsa-miR-504-5p"	0.91516294	1.8262919	0.744712565419745	1.30738702938806	0.0000524034085925032
"hsa-miR-892b"	0.01021084	0.1644597	0.0722015420561085	0.239477622269487	0.0000540010206972831
"hsa-miR-215-5p"	88.93703988	30.77838588	90.5613449742037	26.9736669786816	0.0000558436862926917
"hsa-miR-1287-5p"	14.32696524	9.44122094	7.2900601756955	3.43761658909342	0.0000571584716507431
"hsa-miR-362-3p"	1.61694254	3.5521793	1.47520276958126	2.8436781155459	0.0000572406055161859
"hsa-miR-485-3p"	1.26282796	3.3147273	1.05978879617118	3.21243315772716	0.0000667687899651284
"hsa-miR-223-3p"	105.38077626	54.27501676	74.3626995945011	44.998954034507	0.0000796576398849185
"hsa-miR-455-3p"	862.19441012	505.8875174	552.848511710866	243.587304994952	0.000088926726958011
"hsa-miR-3614-5p"	0.47726608	0.1310997	0.54926659016405	0.211604681021605	0.000098308518579099
"hsa-miR-185-3p"	2.83801218	1.23176136	2.62760956937597	0.732015280811473	0.000107879315196865
"hsa-miR-888-5p"	0.04418568	0.55489304	0.289290447292036	0.825807050202455	0.000113545525487169
"hsa-miR-146b-5p"	730.25852938	207.75368136	880.43881065878	164.077706571728	0.000132859776886945
"hsa-miR-1296-5p"	3.74137926	6.18365758	3.23502679313211	2.89669708508579	0.00013465627971994
"hsa-miR-376b-3p"	0.17036538	0.7005214	0.305482019115785	0.867784773951562	0.000135262338787131
"hsa-miR-195-3p"	5.31219746	2.85500654	3.96844451784398	1.63562274207224	0.000139600383129912
"hsa-miR-224-5p"	40.229229	4.40800906	61.2685073198763	4.69594408822473	0.000142595800326086
"hsa-miR-135b-5p"	8.37508904	16.3329493	6.81850643003512	12.4057956343375	0.000158793522694903
"hsa-miR-3934-5p"	0.41386154	0.09262676	0.53506671569823	0.179106967615304	0.000162229087022946
"hsa-miR-935"	1.3768588	0.38105166	1.66675294865037	0.523666461848146	0.000162815920874309
"hsa-miR-1304-5p"	0.32869824	0.0771973	0.414431567777446	0.157964187464619	0.00016372696715783
"hsa-miR-873-5p"	0.07937374	0.37277108	0.187718136762172	0.482963148061023	0.000165826604804727
"hsa-miR-127-5p"	73.43500992	134.7571654	60.2155991871319	92.1438095474118	0.000167715531369814
"hsa-miR-365a-3p"	52.83046888	30.3418314	37.4734298882986	12.9082104901426	0.000168169151614101
"hsa-miR-3200-3p"	1.59087506	2.55057266	1.36930738605302	1.07376874910405	0.000182030204467714
"hsa-miR-130a-5p"	0.84607264	1.39726388	0.692220931290881	0.725018104228809	0.000184144117262595
"hsa-miR-150-5p"	568.17439488	276.16379662	462.020400254091	251.926867951538	0.000190266316507875
"hsa-miR-758-3p"	1.99193764	4.0556994	1.81251259270772	3.25640899675433	0.000194013734502815
"hsa-miR-223-5p"	4.66250086	2.16739266	3.74401535733657	2.57763790792566	0.000201732431980447
"hsa-miR-148a-5p"	12.91103292	7.5105395	9.36612353019136	2.1718437227205	0.000211827335015186
"hsa-miR-493-3p"	1.00168778	2.0906443	1.07766058398933	1.68614121988297	0.000232549485786165
"hsa-miR-423-5p"	67.67109308	53.64358688	21.9444433669712	13.4748331662944	0.000232770744222493
"hsa-miR-345-5p"	10.21751348	17.99348978	6.76963771897275	12.5221009993504	0.000235415786083837
"hsa-miR-3940-3p"	0.49722694	0.17240608	0.521024243656172	0.292178616849131	0.000246561425372975
"hsa-miR-19a-3p"	13.99180752	9.81835266	5.9393640137794	5.07514540257384	0.000275254746834896
"hsa-miR-144-5p"	237.13152612	99.05838554	237.983719039064	86.974284020662	0.000279600954412357
"hsa-let-7f-1-3p"	2.12410492	1.37528642	1.04745409534144	0.940954096093723	0.000290138598352025
"hsa-miR-708-3p"	54.51198792	28.66322712	45.5957989719908	13.687362232815	0.000308495253588857
"hsa-miR-299-3p"	0.05650192	0.21316346	0.135941165359653	0.259204035709025	0.000310057869430052
"hsa-miR-181c-5p"	22.90530062	14.70028006	14.3203026081153	5.10521377083911	0.000318011215410917
"hsa-miR-152-3p"	240.16954966	181.2641951	101.894454774678	39.8724804000724	0.00031897106487073
"hsa-miR-23b-3p"	1256.33517548	1597.22666332	568.697281914032	292.06041769152	0.00032785018769741
"hsa-miR-181c-3p"	19.50001714	13.59289174	9.90559735713926	5.10723601527118	0.000352979443222858
"hsa-miR-409-5p"	5.4881983	12.32766214	4.29611036776954	12.1090384775318	0.000377414652607805
"hsa-miR-618"	1.41686522	0.56958106	1.52539732868356	0.521885966649155	0.000444719254458294
"hsa-miR-653-5p"	115.63959624	44.92238068	132.186745156324	21.4620332528928	0.000471664321517725
"hsa-miR-122-3p"	0.25794896	0	0.487046286820913	0	0.000475051444972143
"hsa-miR-133b"	0.44683348	1.398011	0.937034536273381	1.59638705119305	0.000494977164144271
"hsa-miR-508-5p"	0.35285758	9.96089864	0.594152933906411	18.2146303342646	0.000499846167142559
"hsa-miR-146b-3p"	120.69015716	30.2958971	171.806833935022	17.6108839533117	0.000535233658154115
"hsa-miR-3920"	0.26818394	0.0697077	0.352138874124586	0.158961374424572	0.000539087192674789
"hsa-miR-548e-3p"	0.38665	0.13258746	0.455396257820257	0.190849884633501	0.000540778947896181
"hsa-miR-514b-3p"	0	0.16007428	0	0.305757443803527	0.000542443628657789
"hsa-miR-30c-1-3p"	1.41209518	2.26063848	1.30037164321473	1.07198402699555	0.000581802906246938
"hsa-miR-23b-5p"	0.9510274	1.64759384	0.817294400875329	1.12797567508336	0.000646291312398228
"hsa-miR-616-3p"	1.69584658	0.66688366	1.9439613581175	0.554668502021854	0.000669867275836554
"hsa-miR-1295a"	0.97419584	0.24624712	1.38486006510341	0.360696832594153	0.00068497315664727
"hsa-miR-381-3p"	7.03326388	11.56362842	6.31883336558345	6.62801270504149	0.00070657956647232
"hsa-miR-217"	32.41153922	137.43316866	74.9149234125211	195.461279196422	0.000739732244670455
"hsa-miR-216a-5p"	0.71010266	2.58338458	1.75741040322859	3.34237282267276	0.000771449240532253
"hsa-miR-20a-5p"	142.1409195	104.29671184	61.9924132646802	45.6669344143516	0.000786556704846556
"hsa-miR-424-5p"	811.0371353	414.0174269	771.320914355965	170.442452431857	0.000799765595568553
"hsa-miR-3605-3p"	9.25045286	6.53770374	4.58436406510307	3.07069367690372	0.000800565433249886
"hsa-miR-331-5p"	1.95679098	1.28391842	1.03411449126563	0.922724564431571	0.000879994897864245
"hsa-miR-885-5p"	22.8955788	1.07119306	43.6212832515468	1.96894737356545	0.000901212998244207
"hsa-miR-138-2-3p"	0.0562157	0.20414282	0.142259540747192	0.267535103339897	0.000919332534792307
"hsa-miR-26b-3p"	38.52476864	30.63408624	13.0805911403545	9.70506087649425	0.000924447242883963
"hsa-miR-365a-5p"	0.61689074	0.26566212	0.645323981540923	0.318745438742852	0.000942051996450404
"hsa-miR-1250-5p"	0.11238826	0.0117382	0.195844147294585	0.0589227574153533	0.000960873870937471
"hsa-miR-2114-3p"	1.24153326	0.31481278	1.8438020882594	0.354407194545028	0.000985359153846572
"hsa-miR-495-3p"	2.40692234	4.49100724	2.13286343677923	3.7755664076139	0.00107368562134535
"hsa-miR-191-3p"	1.0254247	1.6170686	0.711430477050037	1.01251415230863	0.00108020515749952
"hsa-miR-146a-3p"	1.70710082	0.44663074	2.49978338007937	0.67488197697801	0.00109708605954173
"hsa-miR-372-3p"	0.13320786	0.73837452	0.299933408927137	1.20529349038586	0.00109896249254157
"hsa-miR-508-3p"	11.26994334	320.30742634	17.7653651535958	634.009297533289	0.00117758853493046
"hsa-miR-301b"	0.48240122	0.19063626	0.562505618296379	0.232636121126641	0.00119264632254591
"hsa-miR-676-3p"	1.12819302	0.66349382	0.838899806013185	0.516390081826998	0.00128331641891652
"hsa-miR-139-5p"	121.40813312	156.42592224	65.3417889444162	35.0126854122511	0.00130685018714819
"hsa-miR-379-5p"	114.8472618	196.24830798	95.5697541882439	144.423847506203	0.00131223663942376
"hsa-miR-199b-5p"	7.14814314	20.84633958	11.1429432678768	26.6516778999615	0.00133049822959662
"hsa-miR-3682-3p"	0.4307362	0.15795008	0.523646677714573	0.241929632904402	0.00133797716845636
"hsa-miR-324-5p"	20.39106554	30.67599866	8.8035033394466	19.8903707553456	0.00135314677804716
"hsa-miR-139-3p"	16.3940612	21.63843806	9.76722669125217	5.42102320606319	0.00138197682587872
"hsa-miR-1224-5p"	0.26132892	0.03311216	0.467453013802123	0.104367670827579	0.00139879011844311
"hsa-miR-3174"	0.13600136	0.01528368	0.247983736533781	0.0631545567436535	0.00152450901315105
"hsa-miR-627-5p"	0.71041738	1.30854784	0.740630104321738	1.06239469027056	0.0015593578774859
"hsa-miR-378c"	13.96378278	8.3509781	10.9959423217795	4.9315159400311	0.00157405002230719
"hsa-miR-33b-5p"	2.19816166	1.08576252	2.14850554296255	1.0595259227855	0.00158854681727015
"hsa-miR-96-5p"	3.08617784	5.512622	3.95287563064742	3.5001852048996	0.00159068038688475
"hsa-miR-370-3p"	1.46756524	2.69574192	1.33533471074463	2.30869146475078	0.00166822242648911
"hsa-miR-29a-5p"	8.1233391	10.30841352	3.61055617323026	3.15848845503869	0.0017434660820598
"hsa-miR-639"	0.42397282	0.22898238	0.359492973600813	0.229501375574544	0.00175781660712549
"hsa-miR-642a-5p"	3.25275366	1.74984678	2.40261146567105	2.27612944977958	0.00179069633347028
"hsa-miR-496"	0.272664	0.7690522	0.399852660238641	1.00095533969991	0.00180312703335064
"hsa-miR-143-3p"	83072.6744448	54106.5331864	44549.7030940095	45836.4016318385	0.0018273830005613
"hsa-miR-1229-3p"	1.31127438	0.63179004	1.37283894221611	0.548834718537076	0.00183961689049349
"hsa-miR-30d-5p"	7221.50889992	9015.55448028	3107.94571568663	2452.49421668917	0.00185561470020876
"hsa-miR-889-3p"	2.33752266	4.8088241	2.09064823948197	4.96723453456517	0.00186154534558694
"hsa-miR-506-3p"	0.13880616	11.08874694	0.48450557036887	23.6931003664343	0.00198651682017753
"hsa-miR-643"	0.27142008	0.08506198	0.371573374377551	0.177267586488704	0.00205900869605952
"hsa-miR-1976"	10.30536604	7.52192978	5.37544602928393	3.04811030007766	0.0020851842598928
"hsa-miR-106a-5p"	13.01858414	21.13098008	15.934998622929	8.60603700046286	0.00222151368087918
"hsa-miR-337-5p"	0.02534862	0.15983598	0.0879255725355815	0.28482528655791	0.00229018258174109
"hsa-miR-183-5p"	848.36590056	1468.0408219	1044.08762787543	934.336331661566	0.00232978754223058
"hsa-miR-101-5p"	12.15757104	17.55588238	10.1804209129707	6.72955593641173	0.00241161279712949
"hsa-miR-658"	0.24261812	0.09111976	0.297141859572477	0.176754856710869	0.00268588469228435
"hsa-miR-494-3p"	0.39858952	0.87295268	0.542864641456415	0.937437542798418	0.00271570526681924
"hsa-miR-599"	0.36462352	0.03533022	0.730776485815901	0.111097752745745	0.00272319487340946
"hsa-miR-29c-3p"	1426.83439306	1892.25612632	657.390472881535	845.166430823827	0.00277976307070209
"hsa-miR-320e"	0.30016078	0.0945671	0.424494192613063	0.198808459274222	0.0027822529248549
"hsa-miR-574-3p"	75.11614268	56.6807961	36.0890152980936	22.2452428022435	0.00286486982699601
"hsa-miR-875-5p"	0.4557343	0.0050195	1.01690511279236	0.0354932248816587	0.00292280256396146
"hsa-miR-26a-1-3p"	5.0094929	7.92687972	6.11730060855011	2.83301587622705	0.00314966840621286
"hsa-miR-876-3p"	0.0184208	0.11715828	0.0824522868335477	0.213417057481168	0.00332421631692058
"hsa-miR-134-5p"	91.88001594	153.23005378	80.4171362945579	119.169212525233	0.00335258741631946
"hsa-miR-671-5p"	3.13264962	1.811475	2.90121150915904	0.985902171912299	0.00341173834313499
"hsa-miR-103a-2-5p"	1.22924068	0.79265334	0.852495717385244	0.571443895781933	0.00345192593313193
"hsa-miR-3154"	0.01452868	0.13496494	0.0632857967021198	0.27137325398428	0.00347290094464141
"hsa-miR-708-5p"	34.86507176	19.46627866	34.5803702101651	9.66409914998507	0.00365508655995913
"hsa-miR-335-3p"	20.69915812	34.4990646	29.224988666579	14.1296637295056	0.00366148961627733
"hsa-miR-222-5p"	3.88085968	2.42023042	3.01519976135767	1.66777144240611	0.0036715644779657
"hsa-miR-369-3p"	1.4487989	2.44798818	1.26212036948954	2.01327027639814	0.0038618220254573
"hsa-miR-556-5p"	0.05539996	0.17212292	0.148435582562304	0.234868098898939	0.00388914208407598
"hsa-let-7g-3p"	43.33808272	36.54450842	12.1803779634275	10.7805030338507	0.0039483740342176
"hsa-miR-1910-5p"	0.18059952	0.0065045	0.405434429483161	0.045993760582279	0.00399942975497719
"hsa-miR-363-5p"	0.08973832	0.3245444	0.395255628177742	0.403154846595282	0.00408506906922139
"hsa-miR-2355-3p"	2.86671076	1.7157493	2.08503247603632	1.82719241237114	0.00416279718692566
"hsa-miR-125a-3p"	2.51476478	3.3936309	1.1958735818637	1.76866890859996	0.00458946984737299
"hsa-miR-194-3p"	16.7768598	25.43920472	9.91275152850636	18.5130394787133	0.00466375783866525
"hsa-miR-513c-5p"	0.16705348	1.86389818	0.324418842168152	4.08160123551619	0.00510502056302345
"hsa-miR-222-3p"	46.67761568	31.49875384	35.2683273824982	10.7849532168369	0.0051127252112423
"hsa-miR-507"	0.05407634	2.1642252	0.145043531990186	5.1131987880976	0.00531755590097826
"hsa-miR-628-5p"	54.69534026	37.2936464	39.3627188626235	16.5477442726669	0.00533573484118843
"hsa-let-7d-3p"	301.98312736	235.73740944	119.570524902987	113.069851882426	0.00538820165863552
"hsa-miR-545-5p"	0.97894142	0.54732138	0.941840181798054	0.500377322979324	0.00546475447374571
"hsa-miR-326"	8.528828	5.75820124	6.01791110652316	3.27639147556893	0.00548431938348023
"hsa-miR-664a-3p"	48.63392896	36.79046282	26.2253386218389	13.43536838095	0.00580623903898495
"hsa-miR-100-5p"	4556.3210186	3068.6598194	3610.66896559077	785.05691593831	0.00624384090077509
"hsa-miR-144-3p"	15.64979138	7.27165506	19.8816897675696	6.45748338816141	0.00627673083495974
"hsa-miR-514b-5p"	0.08464038	7.0008383	0.196011831935133	17.1999919194349	0.00649668588577841
"hsa-miR-509-3-5p"	0.3295592	5.81264322	0.746523191452187	13.6526573593457	0.00661662594018833
"hsa-miR-625-5p"	1.87057582	1.08816294	1.84156051480063	0.716207934422348	0.00676342083607006
"hsa-miR-431-3p"	2.9315925	4.97876072	2.93713612160836	4.33198664237933	0.00694592288883572
"hsa-miR-432-3p"	0	0.06107938	0	0.153257903710145	0.00694786723838469
"hsa-miR-3654"	0.09794002	0.01226598	0.207802973252529	0.0607467902927977	0.00698759465730479
"hsa-miR-187-3p"	15.18862076	47.6094125	69.9395114448203	44.651003031394	0.00705177057030982
"hsa-miR-34b-3p"	0.56352964	0.25066152	0.705698353478912	0.378164865362965	0.00719687429149567
"hsa-miR-450b-5p"	45.69477746	19.74596828	65.9287980207921	6.90220870945147	0.0078860548160922
"hsa-miR-302b-3p"	0	0.1111657	0	0.283794853565054	0.00790013729370766
"hsa-miR-22-3p"	67568.4726752	57676.2399236	22645.1171062207	12730.997724864	0.00869303881112747
"hsa-miR-15a-3p"	0.29064314	0.14363432	0.331049616883473	0.200871089256466	0.00881095670931262
"hsa-miR-18a-5p"	4.8643779	3.24992014	3.54514726513992	2.36190008312712	0.008837111306437
"hsa-miR-211-5p"	1.1922467	0.53652452	1.61955043735741	0.596833787586414	0.00925737846059832
"hsa-miR-1248"	0.18831704	0.75048608	0.342379694453035	1.43659994697359	0.00942095710519075
"hsa-miR-145-5p"	2264.72329268	3395.26105816	1413.6465243975	2656.64529589282	0.00965092082462961
"hsa-miR-302a-5p"	0	0.05257946	0	0.138386984838983	0.00982818199463718
"hsa-miR-890"	0	0.05518338	0	0.146286742129884	0.0103310171534644
"hsa-miR-615-3p"	11.64393028	17.1068749	7.46447274360531	12.6830480792398	0.0103967967945648
"hsa-miR-2114-5p"	0.93611774	0.40999522	1.31985469983982	0.493645643386241	0.0104562667931886
"hsa-miR-580-3p"	0.20123944	0.0763516	0.287639121582765	0.176087701246989	0.0105358037473182
"hsa-miR-1266-5p"	5.3714424	3.5026148	4.03306844397678	3.07040895282623	0.0106633827066019
"hsa-miR-3922-3p"	0.53099268	0.22353894	0.752565122799226	0.358042263028583	0.0111025998585007
"hsa-miR-125b-2-3p"	19.30041926	15.0934098	10.7524531740736	3.65243444463339	0.0111255828639967
"hsa-miR-328-3p"	86.26022474	68.73113318	38.2763321124469	28.7290740038696	0.0111802451483654
"hsa-miR-193b-5p"	5.75231138	2.98157208	7.31903027840808	1.39803840646607	0.0111939741276353
"hsa-miR-410-3p"	1.97885698	3.1770997	1.49875379049274	2.90019267175339	0.01140298006671
"hsa-miR-767-5p"	0.05202874	0.18138396	0.172796848470388	0.317891590121921	0.0135571863655571
"hsa-miR-1269a"	606.02117448	65.66536916	1491.21146276512	89.640076132348	0.013659101742968
"hsa-miR-371a-3p"	0	0.04125786	0	0.115010661553882	0.0144290833239027
"hsa-miR-219a-1-3p"	1.03088156	0.66786308	0.843667702458859	0.588808979304551	0.0144705616807786
"hsa-miR-7-2-3p"	0.02167944	0.1043541	0.0813233623521029	0.218032251997619	0.0145990509784478
"hsa-miR-424-3p"	10.11993612	5.55200428	12.54967593355	2.5076990689535	0.0146444142359467
"hsa-miR-1305"	0.2307203	0.06661632	0.445607688271538	0.130080916246026	0.0153162850825235
"hsa-miR-302a-3p"	0	0.03346328	0	0.094569582264895	0.0157336824916777
"hsa-miR-497-5p"	34.25856502	26.1201374	18.7434725921294	14.2749005349154	0.0165040581175756
"hsa-miR-490-3p"	0	0.05070488	0	0.144439380164948	0.016529846787527
"hsa-miR-3189-3p"	0.17124014	0.0743225	0.244972982561719	0.136368215043585	0.0168091206935838
"hsa-miR-548b-3p"	0.4926164	0.77558524	0.597192449034784	0.56607785252804	0.0168510478460927
"hsa-miR-3942-5p"	0.20669908	0.0856974	0.300164187307128	0.184917548385595	0.01743320921687
"hsa-miR-769-3p"	1.17243154	0.80432052	0.88358402868501	0.631785460995257	0.0186601079293649
"hsa-miR-195-5p"	58.7849633	45.113804	32.2605624491701	25.4038663765233	0.0206678279970785
"hsa-miR-33a-3p"	0.84908094	1.21508014	0.800723741481148	0.759048504985293	0.021014548082699
"hsa-miR-34c-3p"	1.49807798	0.39440598	3.24511746034657	0.503894695552168	0.0212468287444224
"hsa-miR-939-5p"	0.43397816	0.26536404	0.40436726842978	0.309251151697191	0.0213403368421072
"hsa-miR-510-5p"	0	0.07972938	0	0.238176759041914	0.0219260168042562
"hsa-miR-885-3p"	0.11031398	0.00756458	0.3047783275318	0.0407625611170348	0.0220075996833563
"hsa-miR-3176"	0.11816432	0.04116486	0.209100904434984	0.102080215580591	0.0221002832439623
"hsa-miR-377-3p"	0.3413591	0.62529418	0.562019669708413	0.655674325879221	0.0221907206661628
"hsa-miR-3941"	0.03467972	0	0.104221670314109	0	0.0226867659813469
"hsa-miR-1180-3p"	11.93434888	9.32639888	7.04899911798936	3.62661451208904	0.0227732253119498
"hsa-miR-3136-5p"	0.3760433	0.13118966	0.710036379252162	0.210978518186443	0.0229152323904245
"hsa-miR-301a-3p"	7.52413676	6.2250635	2.72179067570657	2.91337688456302	0.0233462436843939
"hsa-miR-582-3p"	418.21132942	241.23550872	533.435638083201	54.3349858144924	0.0236616145796168
"hsa-miR-3146"	0.08203316	0.0040879	0.236925303267986	0.0289058181081249	0.0250657662033001
"hsa-miR-551b-3p"	2.2934709	3.3304002	2.55288107990362	1.98886739945125	0.0258031967522677
"hsa-miR-543"	0.21176976	0.40460466	0.368749844378718	0.475911153443779	0.0258643808670407
"hsa-miR-3194-5p"	0.1803487	0.06163016	0.336007072076403	0.154610267684933	0.0263658604256139
"hsa-miR-485-5p"	0.08552964	0.18846168	0.176561050610386	0.270725615126327	0.0269288081894421
"hsa-miR-624-5p"	1.07824068	0.70807808	0.925971569370412	0.710696226961951	0.02734378746019
"hsa-miR-1307-3p"	775.16446648	599.28972568	505.263726676299	227.787826449281	0.028095825094967
"hsa-miR-875-3p"	0.17156144	0.01699166	0.481738983996951	0.0706865425207309	0.0291389138141913
"hsa-miR-296-5p"	3.58205884	2.36874528	3.45109735248675	1.72909679109794	0.0293755375005545
"hsa-miR-192-5p"	13729.94360416	10261.4802685	8650.9422258682	7065.41812831666	0.0305631287759558
"hsa-miR-876-5p"	0.00828454	0.04792834	0.058580544130112	0.112843915031413	0.0305932019395484
"hsa-miR-425-3p"	3.2342125	4.08771608	1.96501852138268	1.95084859323385	0.0316836596055474
"hsa-miR-449b-5p"	0	0.03929202	0	0.126739276583214	0.0331460670565934
"hsa-miR-499a-3p"	0.3804595	0.20150588	0.517001807895519	0.271170823450312	0.0334109265622551
"hsa-miR-491-5p"	2.2254356	1.5094589	2.16716225683226	0.888005593898364	0.0343311939963083
"hsa-miR-29c-5p"	74.65307716	91.5610359	44.7792889579754	33.1286486982179	0.0345245417393166
"hsa-miR-92b-3p"	55.74565134	42.33500736	35.9171020166201	25.8677407868147	0.0348909981095677
"hsa-miR-106a-3p"	0.19426062	0.51503866	0.855967145754448	0.628079581106083	0.03535784923939
"hsa-miR-3164"	0.01851892	0	0.0605845738397194	0	0.0355766676361962
"hsa-miR-92a-2-5p"	0.00512668	0.05030838	0.0362511019297345	0.146384223400498	0.0386658140832968
"hsa-miR-548j-5p"	0.18053206	0.0670947	0.351776428307225	0.14848361961829	0.0394925887847842
"hsa-miR-766-3p"	7.7986555	6.1186811	4.94543191292707	2.7855461777632	0.0396411425999598
"hsa-miR-190b"	0.29300112	0.13512748	0.476554068094025	0.244321608751556	0.0406065286855655
"hsa-miR-3678-3p"	0.05534356	0.00874036	0.151420670548083	0.0433474527904325	0.0408833522602788
"hsa-miR-3149"	0.08771034	0.02744258	0.184740284729518	0.0885067348529489	0.0411346353700292
"hsa-miR-3192-5p"	0.06304392	0.00439932	0.196069272025907	0.031107890046096	0.0416859621022666
"hsa-miR-3655"	0.13828618	0.05988466	0.217924706712437	0.157848788226311	0.0422849465496494
"hsa-miR-3155a"	0.03314462	0	0.112996542228818	0	0.0433444412664843
"hsa-miR-632"	0.33356668	0.19463412	0.38078989082022	0.295957088526094	0.0445112137380117
"hsa-miR-34c-5p"	2.54068876	1.40032412	3.59751762164827	1.60497908446904	0.0445426589327731
"hsa-let-7f-2-3p"	0.45851464	0.25944758	0.617865929106504	0.313319055041544	0.0458245490525674
"hsa-miR-147b"	0.22055832	0.09634924	0.380787323054213	0.209076128363551	0.0467130935810015
"hsa-miR-505-5p"	15.61578564	12.98596494	8.01496107495443	4.60226080283885	0.047665200833663
"hsa-miR-556-3p"	0.04454012	0.1065776	0.123111109403153	0.180826081841991	0.0480616026906312
"hsa-miR-1306-3p"	0.51491664	0.3179272	0.585135387851106	0.378288566446466	0.0488330744238066
"hsa-miR-3679-3p"	0.05830684	0.01142606	0.154897590071813	0.0575503081026558	0.0491920083476909
"hsa-miR-339-5p"	42.43263	29.2205137	41.5899116862157	21.833488516003	0.0504044233746554
"hsa-miR-92b-5p"	0.23982648	0.11611074	0.401493218404528	0.183562090036266	0.0515328807433536
"hsa-miR-338-5p"	2.70220638	2.05447668	1.57034713792635	1.71945519099161	0.0520479608044778
"hsa-miR-3939"	0.07670342	0.02053864	0.183003712038865	0.0836164503390112	0.052425369952362
"hsa-miR-208b-3p"	0	0.03933578	0	0.141554275206496	0.0551038325513035
"hsa-miR-1263"	0	0.03512504	0	0.126498927726029	0.055284561455352
"hsa-miR-1293"	0.29100782	0.01206678	1.00299731156064	0.0604764678779393	0.0553001682958633
"hsa-miR-379-3p"	0.10014964	0.20100432	0.2194815158597	0.294586115432984	0.0553319103154533
"hsa-miR-513b-5p"	0.03619374	0.514171	0.128321479501053	1.72572513775061	0.0564686004875832
"hsa-miR-451a"	1019.59150646	457.05763406	2001.68153689803	433.645593160187	0.057384657620901
"hsa-miR-3667-5p"	0.16009218	0.05427312	0.350224454113836	0.166166642779954	0.0576274323911444
"hsa-miR-32-5p"	20.33628094	17.14644418	8.43694262655461	8.22362902951881	0.0584820363460363
"hsa-miR-656-3p"	0.11618882	0.23388806	0.227541765076727	0.370009760856105	0.0588761253959506
"hsa-miR-491-3p"	0.71364118	0.39197924	1.12320733789731	0.372445148261339	0.0593755246446471
"hsa-miR-493-5p"	3.62055382	5.19966226	4.02050215388239	4.39665875979222	0.0639070894702267
"hsa-miR-20a-3p"	7.8337149	6.71756514	3.40957893856279	2.48369053092995	0.0646111299580117
"hsa-miR-374c-5p"	0.27512732	0.43906672	0.369400833843155	0.500534633157674	0.0656541854611976
"hsa-miR-373-3p"	0.00748758	0.05434062	0.0529451859267677	0.168516214229856	0.0656969995721399
"hsa-miR-29b-1-5p"	5.33462796	4.4474089	2.79865663501813	1.89562189945932	0.0668768091294862
"hsa-miR-487a-3p"	0.11219246	0.22276406	0.246786772139739	0.343408650712797	0.0677994897673013
"hsa-miR-651-5p"	1.38105952	1.07876546	0.922702185740389	0.707014032063366	0.0691702175669485
"hsa-miR-578"	0.14934686	0.06201366	0.296160749753666	0.156514740985309	0.0692331520824331
"hsa-miR-577"	32.90713912	54.54064644	46.8676618933114	68.8554871521748	0.0697142174776771
"hsa-miR-489-3p"	3.92344914	6.10212852	5.7538545957009	6.13645606397199	0.0700964056601752
"hsa-miR-607"	0.09060914	0.03081646	0.211648519196718	0.0894775209128106	0.0702716642212652
"hsa-miR-431-5p"	0.59206298	0.3379841	0.775971115263372	0.605579152592174	0.0711884527390235
"hsa-miR-548t-5p"	0.02262464	0	0.0872122026021869	0	0.0726730254225315
"hsa-miR-3610"	0.4826921	0.30913126	0.586154245536496	0.334101982189406	0.0727576295849295
"hsa-miR-192-3p"	25.20556472	31.98734892	14.5467906005357	22.041083323239	0.0729228674199645
"hsa-miR-542-3p"	480.6473651	278.38465746	783.098533360906	69.6858443707992	0.074904227783097
"hsa-miR-218-2-3p"	0.02128974	0	0.0828556953018405	0	0.0753497375424497
"hsa-miR-409-3p"	6.1536196	8.6468885	4.65261038517425	8.62235725308977	0.075955259972535
"hsa-miR-432-5p"	2.90635212	3.98614456	2.53254943116291	3.42344239411745	0.0763215155917197
"hsa-miR-654-5p"	0.40994638	0.65606658	0.436385532396311	0.864697265187097	0.0765358658239201
"hsa-miR-3125"	0.06958876	0.02189252	0.164720536754703	0.0911098669526646	0.0771435274949252
"hsa-miR-3911"	0.0389394	0.00394788	0.136783084890058	0.0279157271931075	0.0820728580510387
"hsa-miR-1256"	0.05302174	0.01060496	0.160758391985068	0.054215307293202	0.0821613000209956
"hsa-miR-3938"	0.00127692	0.01756728	0.00902918791032726	0.0645942356656236	0.0833711800810381
"hsa-miR-3681-5p"	0.0696477	0.02081944	0.176935699853659	0.085836238747351	0.0834643608354396
"hsa-miR-2115-3p"	0.05342704	0.00903228	0.17227483073678	0.0505197967129718	0.085716486869786
"hsa-miR-3143"	0.02514064	0	0.101787772084013	0	0.0869926125648509
"hsa-miR-19b-2-5p"	0	0.0207367	0	0.0839733947682727	0.0870510219062254
"hsa-miR-30e-5p"	9094.5312276	8281.02583938	2873.1786326684	1681.46117433016	0.0879052859046478
"hsa-miR-3183"	0.03338258	0.00395582	0.116903962130982	0.0279718714715337	0.0890919835720594
"hsa-miR-182-5p"	2993.26509756	3951.0252057	3063.34077612667	2498.83691132098	0.0899808275570977
"hsa-miR-1237-3p"	0.03627772	0.0021854	0.138807998173816	0.0154531115960508	0.0904881888632022
"hsa-miR-20b-5p"	28.90335298	43.40089872	57.5103803200894	16.0207844429485	0.0914266718540021
"hsa-miR-664a-5p"	5.43045156	6.26393284	2.70708390161769	2.15659082204576	0.0919309424480944
"hsa-miR-3667-3p"	0.01519246	0	0.0625048912068814	0	0.0919826415184581
"hsa-miR-296-3p"	0.9346957	0.58575446	1.36900362014404	0.458187177423011	0.0926070741282137
"hsa-miR-3128"	0.03010168	0.00378434	0.105538791086586	0.026759324763155	0.0930289751037274
"hsa-miR-668-3p"	0.0118224	0.05369728	0.0537984455294738	0.16593469759628	0.0948638804978315
"hsa-miR-1225-5p"	0.00294766	0.04042644	0.0208431037463234	0.154627053399813	0.0955266837899422
"hsa-miR-3131"	0.39590434	0.20871292	0.698154380494236	0.360709514015728	0.0963540383522534
"hsa-miR-3646"	0.02004554	0	0.0839357573374095	0	0.0976295300982039
"hsa-miR-2276-3p"	0.04233264	0.11393594	0.118385325570697	0.27906680603429	0.0996045243300477
"hsa-miR-3188"	0.05060434	0.11526526	0.144913667318928	0.23431243417404	0.100831992040346
"hsa-miR-25-5p"	0.1147285	0.04930248	0.253755513238207	0.114772951380815	0.101275362866874
"hsa-miR-374b-5p"	44.73621502	51.9552509	20.9363130843495	23.0324873550901	0.1042420635453
"hsa-miR-587"	0.03026148	0	0.129366248144362	0	0.104506048020841
"hsa-miR-520d-3p"	0.01861476	0	0.0796125234350496	0	0.104656221499416
"hsa-miR-585-3p"	0.92619698	1.29168056	1.12229103110563	1.10915421508776	0.10466049180337
"hsa-miR-449a"	0.0746736	0.18467638	0.210423505003115	0.42714289824027	0.10674991270052
"hsa-miR-1298-5p"	0.00443486	0.02772486	0.0313591957961297	0.095883608037911	0.107875881664729
"hsa-miR-636"	0.17597888	0.10401198	0.24831291164574	0.193192823381675	0.109183886921769
"hsa-miR-3074-3p"	0.03586742	0.08305454	0.149027836110298	0.143895490205063	0.110474998907177
"hsa-miR-339-3p"	8.57121032	7.2696354	4.78859306335561	3.19114692925781	0.113434533290424
"hsa-miR-323a-5p"	0.00468302	0.02277942	0.0331139519843223	0.0728698520478329	0.114497724691479
"hsa-miR-3937"	0.62034734	0.0849678	2.37078917683752	0.163417600297333	0.117523762321059
"hsa-miR-23c"	0.25792938	0.37830128	0.426881704687533	0.329054898649862	0.117724381304343
"hsa-miR-2110"	1.0261895	0.79745874	0.859358774344706	0.557571757863993	0.118125785220352
"hsa-miR-3140-3p"	0.07129538	0.02848038	0.172843890051215	0.0823492001997987	0.118314626238898
"hsa-miR-221-3p"	76.72891158	63.14421574	55.0292155105954	26.4119418582854	0.12003566945652
"hsa-miR-3165"	0.0292819	0	0.1316474648446	0	0.122202090580507
"hsa-miR-190a-5p"	12.28664774	13.9857732	5.50511837120628	5.42065286616964	0.12314491309778
"hsa-miR-3129-5p"	0.02892916	0	0.131323662518682	0	0.125745467404186
"hsa-miR-1288-3p"	0.29377328	0.18997786	0.404016158830617	0.24929103686737	0.125974188990837
"hsa-miR-3138"	0.0419661	0.00489132	0.166320222797832	0.0345868554095338	0.128704189830431
"hsa-miR-744-5p"	21.72797344	25.22075378	10.4656827326266	12.2968236984788	0.129443384921837
"hsa-miR-193b-3p"	55.27379154	37.78654656	79.4978511301137	12.1083824712287	0.13027147638595
"hsa-miR-378a-5p"	82.8045629	103.7776555	61.7834677653156	76.3991169887879	0.134564331584667
"hsa-miR-129-2-3p"	0.3508092	2.34286968	1.12849548488359	9.20137685909932	0.134883499516341
"hsa-miR-3662"	0.1004959	0.03112388	0.302292682237626	0.116461638971921	0.134951877433933
"hsa-miR-1538"	0.17553798	0.08453936	0.361269157142128	0.226438596245659	0.135085391259364
"hsa-miR-597-5p"	0.03811536	0.01108376	0.113791654759963	0.0557172940735639	0.135820206032745
"hsa-miR-20b-3p"	2.23027482	4.16436262	8.84475275827214	1.91029009736331	0.136568135777711
"hsa-miR-3929"	0.01400248	0	0.0655781409730345	0	0.137506350143052
"hsa-miR-34b-5p"	0.47125268	0.25708028	0.93347579888648	0.380096723418542	0.137807885444213
"hsa-miR-659-3p"	0.00919868	0.03382312	0.0650444900596507	0.0964558416289685	0.138139787298274
"hsa-miR-425-5p"	71.24669106	100.65037824	56.3428690619918	127.08247802534	0.13940002150626
"hsa-miR-3622a-3p"	0.05738654	0.10999466	0.146292326609515	0.204752009736777	0.142881171298547
"hsa-miR-154-3p"	0.42604394	0.59700196	0.578018798105956	0.588239291637755	0.145901897039472
"hsa-miR-2116-3p"	0.46494518	0.33397408	0.499652118979232	0.406347859380627	0.153754109979647
"hsa-let-7d-5p"	277.89908164	255.07407426	92.81346454957	64.092412484356	0.156032435289616
"hsa-miR-132-5p"	1.99781698	2.45957414	1.27724138218104	1.89443620973569	0.156609740556588
"hsa-miR-1225-3p"	0.01368446	0.0393381	0.0563733923722849	0.113833463727025	0.15762783862591
"hsa-miR-3916"	0.01474832	0	0.0729884939499315	0	0.159404188144942
"hsa-miR-490-5p"	0	0.01364606	0	0.067603965020902	0.159830862765508
"hsa-miR-3617-5p"	0.01534378	0	0.0760218702751668	0	0.159869776491446
"hsa-miR-767-3p"	0.0088908	0	0.0440661775802101	0	0.160019031739252
"hsa-let-7c-5p"	2291.66191958	2063.93025734	991.323546515388	555.102801608914	0.160423664988797
"hsa-miR-518c-3p"	0.01837662	0	0.0913977845725542	0	0.161440730763427
"hsa-miR-3927-3p"	0	0.00946708	0	0.0473016760974294	0.163327816723516
"hsa-miR-1245a"	0	0.010913	0	0.0547825969032994	0.165268615212761
"hsa-miR-586"	0	0.0106914	0	0.0538069447368866	0.166324822968114
"hsa-miR-22-5p"	19.65821522	23.16259146	12.5452707021624	12.639513279423	0.167237955975305
"hsa-miR-641"	0.06210896	0.12981324	0.194630893556418	0.285929209872708	0.169892035619736
"hsa-miR-30d-3p"	6.65413672	7.5532065	3.95076910221146	2.36870857901063	0.171389417226436
"hsa-miR-4286"	0.04780044	0.09415406	0.130201615463686	0.199372560356531	0.172315473971312
"hsa-miR-1236-3p"	0.01508998	0	0.0770955185945781	0	0.172622107316215
"hsa-miR-411-3p"	0.31926784	0.46816768	0.475427691036803	0.601130973580071	0.172811370245344
"hsa-miR-1247-5p"	5.00563424	2.33136684	13.6217551938996	1.5445205909001	0.173885735501789
"hsa-miR-617"	0.01680938	0	0.0869016167724685	0	0.177628865950762
"hsa-miR-1537-3p"	0.04600214	0.01822748	0.128537129122688	0.0661940444177355	0.178506742889949
"hsa-miR-4306"	0.01562354	0	0.0812732587371989	0	0.180273413789034
"hsa-miR-19a-5p"	0.0241709	0.00539376	0.0905839004480242	0.0381396427209275	0.181350667979285
"hsa-miR-552-3p"	0.05896722	0.02291632	0.168588093214817	0.0852172479002428	0.181383225443991
"hsa-miR-551a"	0.20198264	0.3071755	0.369554332385439	0.41145108134123	0.181779050710791
"hsa-miR-3664-5p"	0.54592056	0.40239572	0.642921738413041	0.403925068889705	0.18501961657503
"hsa-miR-802"	6.20114078	0.27598124	31.9065715782591	0.576062214435444	0.195325935319802
"hsa-miR-412-3p"	0	0.01308926	0	0.0705214509611488	0.195486923181075
"hsa-miR-99a-3p"	3.49591876	3.99966996	2.36154870485449	1.37536654837627	0.196227655235499
"hsa-miR-4254"	0	0.01950186	0	0.105463304500493	0.197126634022222
"hsa-miR-3175"	0.03252448	0.00846438	0.12352970317168	0.0419131688822333	0.197129683959982
"hsa-miR-1275"	0.28631074	0.1844044	0.507988636878369	0.222039684181427	0.198129555545196
"hsa-miR-3157-5p"	0.08139638	0.1377499	0.178412246290792	0.251079638516958	0.199134257864008
"hsa-miR-3166"	0.01269022	0	0.0693472786509864	0	0.201741161127993
"hsa-miR-1227-3p"	0.11834556	0.05191752	0.344657193460588	0.118312799419588	0.202307160977355
"hsa-miR-943"	0.05623206	0.02849024	0.122716602254604	0.0917861062278591	0.203783117153971
"hsa-miR-132-3p"	55.63238868	46.58857186	33.8134649174413	36.8855704529642	0.204293206851088
"hsa-miR-380-5p"	0.0573865	0.1032168	0.144925707534226	0.208060590221862	0.204602906289316
"hsa-miR-744-3p"	12.88274042	10.86330452	10.0884149105136	4.76342146431223	0.204803566464168
"hsa-miR-135b-3p"	0.09940664	0.16657898	0.21314175853535	0.31393588168212	0.214045861938484
"hsa-miR-518b"	0.0303595	0.00713498	0.121173848218549	0.0504519274163039	0.215332045263405
"hsa-miR-676-5p"	0.29380112	0.21662928	0.363577488318046	0.244936484057335	0.216604674864623
"hsa-miR-27a-5p"	5.36176246	4.53581812	3.6197425108028	3.04079067586959	0.219723108425356
"hsa-miR-663a"	0.11217026	0.05589624	0.301806632423018	0.116549139304566	0.223275750629124
"hsa-miR-671-3p"	1.84402262	1.50442848	1.64588715489092	1.07112166719684	0.224809324576268
"hsa-miR-944"	0.19015708	0.12283276	0.326416911697661	0.213481980750903	0.225649294879512
"hsa-miR-3181"	0.02570988	0	0.149272215977257	0	0.229100097497959
"hsa-miR-383-5p"	0.01066614	0.05070086	0.0668201385860092	0.223696532396834	0.230241517231626
"hsa-miR-3909"	0.25481328	0.17318746	0.39556296125267	0.26814898613478	0.230434344808747
"hsa-miR-23a-5p"	2.6428131	2.16097438	1.88154680190824	2.16673681149851	0.238040524140252
"hsa-miR-3619-5p"	0.05417076	0.02108466	0.182612172676118	0.0745017357996963	0.239858300745892
"hsa-miR-1226-3p"	1.15850886	0.96865478	0.784668211399115	0.835863652549652	0.244461522917199
"hsa-miR-3923"	0.04204936	0.01133442	0.183694892107422	0.0564711472842151	0.263059010728649
"hsa-miR-31-5p"	10.7316863	14.07636054	17.9727196276868	11.1325516602742	0.26654952166522
"hsa-miR-302d-3p"	0.01632368	0.04067052	0.115425848219192	0.102991520359339	0.2685124034101
"hsa-miR-196b-3p"	0.32800102	0.25075332	0.421901838607256	0.259600258543191	0.273425010362622
"hsa-miR-877-3p"	0.13586376	0.20118004	0.265282179954883	0.329599895132114	0.277803603723292
"hsa-miR-99b-5p"	45016.2965732	42198.6138854	15065.0640870884	10416.1351030312	0.279669116213741
"hsa-miR-488-5p"	0.0298428	0.00483456	0.15838115777092	0.0341855016005324	0.279990661974414
"hsa-miR-1292-5p"	0.33964096	0.25675352	0.43359975518429	0.322988706796082	0.281233654940868
"hsa-miR-3613-3p"	0.53978242	0.41379982	0.688007547201607	0.448900764152981	0.281281483085016
"hsa-miR-212-3p"	3.03704378	2.55657556	2.5365614196689	1.85349256531297	0.282401986310175
"hsa-miR-3691-5p"	0.0826228	0.04938812	0.17312433076178	0.133323983169684	0.284972723330484
"hsa-miR-24-2-5p"	22.77296564	20.23188476	12.1418360748853	11.4995584110361	0.285268277668371
"hsa-miR-450b-3p"	0.01785426	0.00528666	0.0747013665128705	0.0373823313582767	0.290947286296148
"hsa-miR-3151-5p"	0.04703064	0.01409146	0.195018018911049	0.0996416692281899	0.291042606473281
"hsa-miR-570-3p"	0.65276292	0.49756264	0.859248280974995	0.613547428785266	0.301438007402313
"hsa-miR-137"	0.0852048	0.15508836	0.362694587157046	0.310512906469396	0.303293115091507
"hsa-miR-770-5p"	0.03317508	0.05691166	0.107635016593368	0.121417071590685	0.303519772094254
"hsa-miR-382-5p"	4.03617588	4.8784394	3.68670082434804	4.42510514415631	0.303743871296786
"hsa-miR-605-5p"	0.49221042	0.39259688	0.575760237781038	0.365065535315859	0.304515921191648
"hsa-miR-665"	0.0501327	0.07921334	0.12814335165556	0.157661834440447	0.314079373308389
"hsa-miR-3936"	0.04048974	0.0155456	0.155319420897816	0.0805373528195686	0.316693332104783
"hsa-miR-589-3p"	2.32864196	2.02872684	1.36929566538983	1.61144513929325	0.318456341998999
"hsa-miR-1178-3p"	0.00302412	0	0.0213837575912186	0	0.322223405950676
"hsa-miR-1193"	0.00127692	0	0.00902918791032726	0	0.322223405950676
"hsa-miR-1231"	0.01021084	0	0.0722015420561085	0	0.322223405950676
"hsa-miR-1252-5p"	0	0.00538868	0	0.0381037216964433	0.322223405950676
"hsa-miR-1257"	0.00512668	0	0.0362511019297345	0	0.322223405950676
"hsa-miR-1267"	0.00448726	0	0.0317297197494715	0	0.322223405950676
"hsa-miR-1323"	0.00928626	0	0.0656637741786139	0	0.322223405950676
"hsa-miR-135a-3p"	0	0.00437648	0	0.030946386857273	0.322223405950676
"hsa-miR-1539"	0.00291898	0	0.0206403055214791	0	0.322223405950676
"hsa-miR-1915-3p"	0	0.0040879	0	0.0289058181081249	0.322223405950676
"hsa-miR-198"	0.0073061	0	0.0516619285402703	0	0.322223405950676
"hsa-miR-302c-3p"	0	0.00905788	0	0.0640488837117401	0.322223405950676
"hsa-miR-3121-3p"	0	0.0050195	0	0.0354932248816587	0.322223405950676
"hsa-miR-3126-5p"	0.00448726	0	0.0317297197494715	0	0.322223405950676
"hsa-miR-3133"	0	0.00508638	0	0.0359661378969163	0.322223405950676
"hsa-miR-3144-5p"	0	0.00491468	0	0.034752035553619	0.322223405950676
"hsa-miR-3148"	0.00255386	0	0.0180585172420108	0	0.322223405950676
"hsa-miR-3152-3p"	0	0.00491468	0	0.034752035553619	0.322223405950676
"hsa-miR-3163"	0.00127692	0	0.00902918791032726	0	0.322223405950676
"hsa-miR-3168"	0	0.00465246	0	0.0328978601519916	0.322223405950676
"hsa-miR-3171"	0.00419964	0	0.0296959392254227	0	0.322223405950676
"hsa-miR-3173-3p"	0.01078618	0	0.0762698102109872	0	0.322223405950676
"hsa-miR-3195"	0	0.0050195	0	0.0354932248816587	0.322223405950676
"hsa-miR-3197"	0	0.00758582	0	0.0536398476286054	0.322223405950676
"hsa-miR-323b-5p"	0.00512668	0	0.0362511019297345	0	0.322223405950676
"hsa-miR-3622b-5p"	0.0066738	0	0.0471908923628278	0	0.322223405950676
"hsa-miR-3649"	0	0.00684688	0	0.0484147527797055	0.322223405950676
"hsa-miR-3663-3p"	0.00928626	0	0.0656637741786139	0	0.322223405950676
"hsa-miR-3683"	0	0.00554104	0	0.0391810695882591	0.322223405950676
"hsa-miR-373-5p"	0	0.0065045	0	0.045993760582279	0.322223405950676
"hsa-miR-3925-5p"	0.00302412	0	0.0213837575912186	0	0.322223405950676
"hsa-miR-4284"	0	0.0158233	0	0.111887627307491	0.322223405950676
"hsa-miR-4296"	0	0.00657258	0	0.0464751588789108	0.322223405950676
"hsa-miR-4322"	0.01437716	0	0.10166187330204	0	0.322223405950676
"hsa-miR-492"	0	0.00758582	0	0.0536398476286054	0.322223405950676
"hsa-miR-498"	0	0.0045462	0	0.0321464884863028	0.322223405950676
"hsa-miR-518e-3p"	0.00468788	0	0.0331483173738879	0	0.322223405950676
"hsa-miR-519d-3p"	0	0.00539376	0	0.0381396427209275	0.322223405950676
"hsa-miR-520b"	0.01009208	0	0.0713617820427713	0	0.322223405950676
"hsa-miR-520c-3p"	0.01009208	0	0.0713617820427713	0	0.322223405950676
"hsa-miR-520d-5p"	0.01437716	0	0.10166187330204	0	0.322223405950676
"hsa-miR-520e"	0	0.0050195	0	0.0354932248816587	0.322223405950676
"hsa-miR-520f-3p"	0.01437716	0	0.10166187330204	0	0.322223405950676
"hsa-miR-520g-3p"	0.00937576	0	0.0662966347477758	0	0.322223405950676
"hsa-miR-520h"	0.00468788	0	0.0331483173738879	0	0.322223405950676
"hsa-miR-522-3p"	0.01261276	0	0.0891856812547844	0	0.322223405950676
"hsa-miR-524-5p"	0.00468788	0	0.0331483173738879	0	0.322223405950676
"hsa-miR-525-5p"	0.00302412	0	0.0213837575912186	0	0.322223405950676
"hsa-miR-544a"	0.0080926	0	0.0572233233743025	0	0.322223405950676
"hsa-miR-549a"	0.00928626	0	0.0656637741786139	0	0.322223405950676
"hsa-miR-551b-5p"	0	0.00614948	0	0.0434833900877105	0.322223405950676
"hsa-miR-553"	0.00127692	0	0.00902918791032726	0	0.322223405950676
"hsa-miR-555"	0.01102578	0	0.0779640380587101	0	0.322223405950676
"hsa-miR-559"	0	0.01299502	0	0.0918886676365481	0.322223405950676
"hsa-miR-561-3p"	0.00987308	0	0.0698132181919728	0	0.322223405950676
"hsa-miR-564"	0	0.00614948	0	0.0434833900877105	0.322223405950676
"hsa-miR-572"	0.00255386	0	0.0180585172420108	0	0.322223405950676
"hsa-miR-609"	0	0.00439932	0	0.031107890046096	0.322223405950676
"hsa-miR-612"	0.00591566	0	0.0418300330119401	0	0.322223405950676
"hsa-miR-622"	0	0.00378434	0	0.026759324763155	0.322223405950676
"hsa-miR-657"	0.00512668	0	0.0362511019297345	0	0.322223405950676
"hsa-miR-888-3p"	0.01021084	0	0.0722015420561085	0	0.322223405950676
"hsa-miR-922"	0	0.0021854	0	0.0154531115960508	0.322223405950676
"hsa-miR-1273c"	0.00748758	0	0.0529451859267677	0	0.322223405950676
"hsa-miR-1914-3p"	0.00634256	0	0.0448486718608255	0	0.322223405950676
"hsa-miR-3120-3p"	0.0175566	0.0045462	0.0870340258444585	0.0321464884863028	0.325261364493224
"hsa-miR-3190-5p"	0.05098258	0.02567676	0.126415178432037	0.129910199644744	0.325996033928931
"hsa-miR-1284"	0.08140588	0.04571172	0.23077993948973	0.112221917328566	0.328681959194573
"hsa-miR-4326"	3.16008788	2.69122188	2.67715153895423	2.06046149256828	0.328976099354437
"hsa-miR-18b-5p"	0.25345688	0.34983976	0.554302753340816	0.420900163726897	0.33005728078715
"hsa-miR-183-3p"	0.0943575	0.13725866	0.209876725094854	0.231302992785778	0.333825245068491
"hsa-miR-548k"	0.11118698	0.05949972	0.349889631209118	0.151047089730057	0.341013905706605
"hsa-miR-582-5p"	12.84130462	10.54163644	16.530354126328	3.73293249789634	0.341559906738497
"hsa-miR-1913"	0.01902394	0.00657258	0.0803569978567352	0.0464751588789108	0.345806755773411
"hsa-miR-765"	0.2574384	0.33410972	0.379450424027935	0.431250675492783	0.3476221155144
"hsa-miR-191-5p"	503.69279026	476.79425604	137.751397663741	148.173588130334	0.349474329875536
"hsa-miR-1234-3p"	0.03862566	0.02067114	0.114932668749233	0.0720057722215719	0.351965694928067
"hsa-miR-449c-3p"	0.02529818	0.00684688	0.130580380430504	0.0484147527797055	0.352463927869957
"hsa-miR-598-3p"	23.85068618	20.4759515	24.2833421829779	8.02113699151739	0.354534057340499
"hsa-miR-221-5p"	0.9884526	0.86796434	0.770549125256655	0.50029512128178	0.356394628535272
"hsa-miR-3943"	0.00576418	0.01853706	0.0328117011642717	0.0921483574168795	0.359450948238703
"hsa-miR-548y"	0.08121854	0.0430875	0.265716766639125	0.136800663046974	0.369921309505736
"hsa-miR-1276"	0.03622124	0.0185147	0.121470080076613	0.075637446825603	0.384141661753719
"hsa-miR-1915-5p"	0.02361328	0.00972208	0.102405648278941	0.0484061531085561	0.388811442160038
"hsa-miR-1468-5p"	11.75444282	12.80576564	7.20126805056525	4.67402703073199	0.38900366472495
"hsa-miR-371a-5p"	0.01931508	0.0063668	0.0956096513300977	0.0450200745445851	0.389253239757964
"hsa-miR-380-3p"	0.04990406	0.0795029	0.166848624069894	0.175725180652161	0.389854422010197
"hsa-miR-1181"	0.05556724	0.03461412	0.125406515398809	0.118192811125122	0.392021531545625
"hsa-miR-548q"	0.33554804	0.26883744	0.434946774231757	0.33928075032093	0.394684147921927
"hsa-miR-125b-1-3p"	0.36720882	0.4419837	0.44098528257684	0.436559073737309	0.396246594075568
"hsa-miR-548a-5p"	0.00127692	0.00930492	0.00902918791032726	0.0657957203039833	0.396694626422999
"hsa-miR-449c-5p"	0.00420292	0.01264142	0.0297191323278456	0.0637892659840132	0.399409678000543
"hsa-miR-205-3p"	0.03250888	0.01190208	0.160878754290005	0.0611246978774187	0.40038884984261
"hsa-miR-196a-3p"	0.6910029	0.58942942	0.666848749666218	0.543639832962593	0.405943975550905
"hsa-miR-548l"	0.04050852	0.02068478	0.126230282331456	0.111770786214428	0.407802029369348
"hsa-miR-3139"	0.04111694	0.01607716	0.204521614855742	0.0644856448576625	0.412349096168852
"hsa-miR-3607-3p"	161.9809715	147.04057966	106.259907419505	74.9482361864446	0.418724954783512
"hsa-miR-466"	0.06536232	0.01238674	0.462181397060851	0.0523967400749516	0.424421596356388
"hsa-miR-148b-5p"	1.588248	1.4211134	1.13783675527975	0.938050976946719	0.424897487173524
"hsa-miR-182-3p"	0.00744222	0.01691844	0.0526244422908215	0.0682347309388133	0.438791775807698
"hsa-miR-346"	0.14719026	0.10988828	0.290352175231082	0.178215539730033	0.441043905956818
"hsa-miR-3648"	0.44857878	0.53229894	0.615505894436978	0.466938373921075	0.445501246625261
"hsa-miR-3611"	0.07566784	0.05188548	0.166091896577616	0.145153164643173	0.447696638261831
"hsa-miR-517a-3p"	0.01407272	0.0300074	0.0753068064287115	0.127567989317262	0.449139923116774
"hsa-miR-517b-3p"	0.01407272	0.0300074	0.0753068064287115	0.127567989317262	0.449139923116774
"hsa-miR-624-3p"	0.02806934	0.01502276	0.104956466740635	0.0608807160596952	0.449340474730669
"hsa-miR-421"	1.47719222	1.3253749	1.0752149257815	0.918793543994031	0.44969727371409
"hsa-miR-675-5p"	0.12298906	0.18987506	0.521400394841189	0.344799478488431	0.451374710167462
"hsa-miR-3656"	0.0128753	0.00483456	0.0705746984089936	0.0341855016005324	0.470815840353368
"hsa-miR-31-3p"	5.36348912	4.27581214	9.9530305987387	3.91499538673375	0.474703056107671
"hsa-miR-3651"	0.23682482	0.29789974	0.491512135325126	0.407927868934523	0.50061122715294
"hsa-miR-675-3p"	88.85979512	117.58109538	257.24298324994	155.284727616391	0.50104730151968
"hsa-miR-483-5p"	1.9018059	3.05683934	10.7009312666167	5.63013064765666	0.501489269554644
"hsa-miR-1255a"	0.0493846	0.03114666	0.170022083336974	0.0890227406619436	0.503700651782512
"hsa-miR-1262"	0.81408238	0.72271528	0.797420219276163	0.557912311426031	0.508531118425796
"hsa-miR-3605-5p"	0.19436244	0.15423226	0.365094620066073	0.229608089863506	0.512410888883034
"hsa-miR-2278"	0.04378804	0.0259896	0.172279776848289	0.0868043263341553	0.516217569054177
"hsa-miR-2116-5p"	0.1487926	0.11820532	0.285325213359516	0.177249013080864	0.521439442311233
"hsa-miR-1291"	0.91349808	0.80520038	0.858238071175578	0.826160581191829	0.521838279295225
"hsa-miR-1322"	0.00420292	0.01299502	0.0297191323278456	0.0918886676365481	0.522230940776813
"hsa-miR-3616-3p"	0.0609419	0.10073914	0.406876373902054	0.173374013172538	0.52678928041994
"hsa-miR-548n"	0.02077518	0.01175548	0.0845286776787014	0.0583839281866131	0.536332659338849
"hsa-miR-3150b-3p"	0.23524124	0.28266302	0.401678082095527	0.363085893960087	0.537173099452626
"hsa-miR-628-3p"	0.55655838	0.48224174	0.6069911816199	0.594221430110084	0.537586083982217
"hsa-miR-3661"	0.01078618	0.02159722	0.0762698102109872	0.0987072555216894	0.541494053721699
"hsa-miR-205-5p"	44.0443208	19.3142028	275.491781435987	73.452156059987	0.542148207848634
"hsa-miR-1294"	0.09775348	0.07576014	0.177756879119704	0.185528908988793	0.546406548276836
"hsa-miR-30e-3p"	7897.4738258	8203.28704152	3167.65268367102	1784.8988001605	0.553754771066874
"hsa-miR-938"	0.0071219	0.01349602	0.0358359012029921	0.0667954451876467	0.553896153851435
"hsa-miR-378b"	0.02820042	0.0173641	0.10552557492953	0.0766895067569381	0.558421577422934
"hsa-miR-3135a"	0.01089372	0.0040879	0.0770302328434752	0.0289058181081249	0.560706055839123
"hsa-miR-3124-5p"	0.02410556	0.01309608	0.119510686173239	0.0656022365596336	0.569667279514986
"hsa-miR-3607-5p"	0.847478	0.95146192	0.77170092482415	1.0321320900152	0.569718162793123
"hsa-miR-933"	0.01021084	0.0040879	0.0722015420561085	0.0289058181081249	0.579667956569191
"hsa-miR-3132"	0.01837662	0.00994754	0.0913977845725542	0.0567161386430705	0.581016397063678
"hsa-miR-3919"	0.01080704	0.0193462	0.0764173126855427	0.0781972957797474	0.582034947742964
"hsa-miR-449b-3p"	0.02646056	0.01719414	0.096496034088572	0.0696645618262929	0.583321045794387
"hsa-miR-548v"	0.80801368	0.88451314	0.697506487983297	0.697293098738725	0.584622004374438
"hsa-miR-202-5p"	0.26498028	0.2166921	0.377628589614297	0.494826957014856	0.584650443145517
"hsa-miR-526b-5p"	0.0487229	0.0359728	0.123193254230282	0.112233210197084	0.58975354804087
"hsa-miR-187-5p"	0.04703284	0.06471954	0.184092889744343	0.141790305408678	0.591727904607608
"hsa-miR-3150a-3p"	0.01156852	0.02717362	0.0731475103662818	0.192146509713864	0.593368271003928
"hsa-miR-517c-3p"	0.01455846	0.0063668	0.102943857896331	0.0450200745445851	0.607877394183958
"hsa-miR-26b-5p"	910.24485776	947.95819744	390.855789040874	344.350273045582	0.609863209655998
"hsa-miR-3618"	0.00928626	0.0040879	0.0656637741786139	0.0289058181081249	0.610086833017671
"hsa-miR-3137"	0.03015286	0.02183954	0.0872769160452393	0.0767079541287657	0.614076834108142
"hsa-miR-29b-2-5p"	64.59978794	62.39073656	26.4280771017442	15.9723516802768	0.614346869543771
"hsa-miR-1179"	0.11825626	0.14482326	0.261646126848086	0.264489852062712	0.614736031155843
"hsa-miR-3161"	0.27558582	0.22880676	0.540302697228919	0.374720880730186	0.616187096736922
"hsa-miR-520a-3p"	0.01248418	0.0204782	0.0651346658915487	0.0956061377008905	0.626347310533733
"hsa-miR-96-3p"	0.01886338	0.01189318	0.0825091051403221	0.0591251861895295	0.628479416851182
"hsa-miR-3126-3p"	0.01435922	0.0240643	0.0677575816772303	0.128496601273285	0.638020154008588
"hsa-miR-541-3p"	0.16935878	0.19956278	0.294187937612586	0.369784984896065	0.652334030093729
"hsa-miR-98-5p"	62.29286298	60.45735124	20.7062352409279	20.301046566612	0.655441312791699
"hsa-miR-99a-5p"	824.27598778	856.63221358	479.406618436209	185.239096700955	0.657717922512926
"hsa-miR-887-3p"	4.3351886	4.07486174	3.53690572012485	2.18386082475524	0.659054037344951
"hsa-miR-324-3p"	16.35157346	17.09735622	9.86167255256108	6.68462121335729	0.659135710981758
"hsa-miR-3145-3p"	0.02045072	0.01398186	0.0781472964787676	0.0692075616495033	0.662224770401883
"hsa-miR-26a-2-3p"	2.8208611	2.68660976	1.71034155979032	1.35835291184202	0.664830429361705
"hsa-miR-505-3p"	40.7453222	42.45988638	19.057425486481	20.4399076172725	0.665369720877094
"hsa-miR-3685"	0.00827034	0.01301822	0.0584801349671835	0.0523229449084184	0.669719970254322
"hsa-miR-3622a-5p"	0.00937576	0.01552064	0.0662966347477758	0.0804568208013441	0.677779999244856
"hsa-miR-3917"	0.45782618	0.42152646	0.454457514244145	0.427050930805693	0.681540695147738
"hsa-miR-652-3p"	18.73178932	18.22212044	7.53709456444833	4.75517124828929	0.686963925041311
"hsa-miR-519a-5p"	0.03755206	0.0283607	0.127890980065598	0.102589581578735	0.692705134940355
"hsa-miR-940"	1.9866173	2.10361052	1.56977902974053	1.42608892976085	0.697341345821419
"hsa-miR-3117-3p"	0.45164664	0.49385664	0.536343035861921	0.546135311584277	0.697440243926789
"hsa-miR-145-3p"	44.14347054	42.1990147	21.3746300740824	28.2300336724152	0.698698208278598
"hsa-miR-202-3p"	0.00763294	0.01134564	0.0379710480193819	0.0567812946257653	0.701686477887366
"hsa-miR-100-3p"	0.1393344	0.15928474	0.257411356331869	0.268952806513299	0.705560751721553
"hsa-miR-3944-3p"	0.18597822	0.16122254	0.380554358859106	0.280922579773467	0.712194909680518
"hsa-miR-541-5p"	0.0068666	0.00395582	0.0485541942369555	0.0279718714715337	0.714377932903256
"hsa-miR-3620-3p"	0.07926296	0.06766592	0.168284382205734	0.147649902927443	0.714950978366952
"hsa-miR-1909-5p"	0.01089372	0.00656188	0.0770302328434752	0.0343068275525441	0.717551005709502
"hsa-miR-3159"	0.00420292	0.00713498	0.0297191323278456	0.0504519274163039	0.724220188223178
"hsa-miR-92a-1-5p"	1.42066428	1.48844866	1.08970769664457	0.815295667458372	0.725513860036674
"hsa-miR-548s"	0.23242818	0.25508158	0.356067441146075	0.2852904038146	0.726318706560085
"hsa-miR-3609"	0.12902512	0.1479141	0.25792712625339	0.292594301160013	0.732770341161596
"hsa-miR-95-3p"	3.8976034	3.63337158	4.99094413863057	2.31054933914261	0.735098406572638
"hsa-miR-670-5p"	0.0138127	0.01911064	0.0793396747050044	0.0782423088931365	0.73744350173818
"hsa-miR-1258"	0.27408332	0.2235938	0.998787493416391	0.360561294960952	0.737854862500543
"hsa-miR-149-3p"	0.01828564	0.01365878	0.0808817566831574	0.0553612734198275	0.739338547792453
"hsa-miR-544b"	0.01089372	0.00664914	0.0770302328434752	0.0470165198305872	0.740310415057637
"hsa-miR-3616-5p"	0.01455846	0.02071344	0.102943857896331	0.0854112279029173	0.745619179527941
"hsa-miR-499a-5p"	0.30189508	0.27752096	0.34590116283801	0.431745962859962	0.756082067843781
"hsa-miR-573"	0.00968376	0.01315082	0.0489671122695923	0.0661745558833204	0.766535993794997
"hsa-miR-1243"	0.00595994	0.0040879	0.034144637812747	0.0289058181081249	0.767955834216879
"hsa-miR-3622b-3p"	0.01272352	0.01638104	0.0541476423136986	0.0687268504918491	0.768203039852785
"hsa-miR-3918"	0.00751138	0.00528666	0.0378991596293078	0.0373823313582767	0.768227187966717
"hsa-miR-454-5p"	0.33828712	0.31779908	0.334158924997211	0.360650826171517	0.768881609112683
"hsa-miR-3606-5p"	0.00468302	0.00697688	0.0331139519843223	0.049333991595248	0.785520205786056
"hsa-miR-3177-3p"	0.01990138	0.01483814	0.0806890770489781	0.104921494141954	0.787387400920677
"hsa-miR-186-3p"	0.31010684	0.29093794	0.345857447159267	0.365960357648838	0.788352973450572
"hsa-miR-3200-5p"	0.04261296	0.0359603	0.150877130890109	0.100145090534347	0.795667692133608
"hsa-miR-877-5p"	1.28823376	1.24435548	0.901483440790213	0.870601913635342	0.804985262868595
"hsa-miR-3692-3p"	0.02228524	0.01839616	0.0963170512936334	0.0675411592182523	0.81571013920937
"hsa-miR-483-3p"	8.57550338	6.84015582	54.9220309622063	13.1782490037695	0.82881915475303
"hsa-miR-3659"	0.01256494	0.01040282	0.0591822619380027	0.0526951028478986	0.847415287382114
"hsa-miR-3653"	8.44419846	8.61224738	4.047114167315	4.99035091081533	0.853672689096174
"hsa-miR-3684"	0.12498334	0.11731644	0.230342386128147	0.181407101783576	0.853709164844239
"hsa-miR-33b-3p"	0.07983886	0.07352194	0.179662021896104	0.162736747788544	0.854189899571251
"hsa-miR-1914-5p"	0.04152736	0.04625404	0.146283234848792	0.110462056536181	0.855725537872883
"hsa-miR-1912"	0.01542242	0.01312686	0.0648153978490467	0.0657769500462598	0.860832839354164
"hsa-miR-3186-5p"	0.00420292	0.00537918	0.0297191323278456	0.0380365465522305	0.86357012710343
"hsa-miR-361-5p"	163.10426716	164.53019806	48.5158905218768	33.049415387038	0.864027687852282
"hsa-miR-3178"	0.01252494	0.01459174	0.0645242873312722	0.0591016923245426	0.867700233041646
"hsa-miR-1238-3p"	0.03733146	0.04118978	0.13326433697565	0.13037241720083	0.883952916947247
"hsa-let-7a-2-3p"	7.17078318	7.30313674	5.53217192367286	3.63383192102439	0.887893453647875
"hsa-miR-3115"	0.0133962	0.01154046	0.0759753524116975	0.0577964539471559	0.890968633177091
"hsa-miR-3187-3p"	0.1054491	0.09936596	0.230780099423871	0.227961398390342	0.894779714343384
"hsa-miR-3652"	0.07322936	0.0774894	0.175147336049438	0.14638281678628	0.895290513818936
"hsa-miR-615-5p"	0.2719783	0.26313494	0.35397906144978	0.334917597611492	0.898158878981121
"hsa-miR-488-3p"	0.02661066	0.02914876	0.118720603691189	0.103723427878762	0.909599997526991
"hsa-miR-18b-3p"	0.13301376	0.13879276	0.291072938269428	0.217582832334719	0.910718481050888
"hsa-miR-542-5p"	6.011893	5.84275788	10.8153428520604	2.65567253356409	0.914870846855639
"hsa-miR-548b-5p"	0.03013518	0.03359656	0.120737475399921	0.202157987936911	0.917473494867932
"hsa-miR-1278"	0.01232518	0.0136418	0.0710572429850779	0.0549718518627896	0.917688986518061
"hsa-miR-545-3p"	0.04536922	0.04770188	0.122415682869057	0.127674621925351	0.925894005719361
"hsa-miR-1226-5p"	0.00748758	0.00657258	0.0529451859267677	0.0464751588789108	0.927016407083055
"hsa-miR-3657"	0.00928626	0.01032832	0.0656637741786139	0.0511740196717524	0.929662278202643
"hsa-miR-518c-5p"	0.0059648	0.00537918	0.0341777816000694	0.0380365465522305	0.935625530570204
"hsa-miR-3144-3p"	0.07579306	0.079196	0.250097113736735	0.183676840824269	0.938361598015039
"hsa-miR-579-3p"	0.08472538	0.0814026	0.254408310794321	0.185685570502659	0.940701065495416
"hsa-miR-375"	126.73800594	123.9161179	241.160498611987	118.699264687198	0.941030444068826
"hsa-miR-1911-5p"	0.087358	0.08369434	0.360989705775663	0.255188739458529	0.953403129859074
"hsa-miR-3660"	0.00419964	0.0045462	0.0296959392254227	0.0321464884863028	0.955460306260782
"hsa-miR-107"	46.84636986	47.05683084	14.0953282752907	26.9109589212272	0.96106130468963
"hsa-miR-3193"	0.25078316	0.24759806	0.343923260786553	0.306245099448032	0.961094435873793
"hsa-miR-1260b"	0.01858422	0.01908452	0.0847335966617512	0.0665537130868177	0.973878032229591
"hsa-miR-1281"	0.00718788	0.0069804	0.0508259869035516	0.0493588817539458	0.983521129991527
"hsa-miR-378a-3p"	292.00187396	291.60933548	172.955898739596	197.738901670403	0.991591825404206
"hsa-miR-3687"	0.37914412	0.37972562	0.424819900813233	0.435255887040044	0.994619666187201
"hsa-miR-3650"	0.022655	0.0227537	0.0816233657698078	0.0786497195581881	0.995099846235454
"hsa-miR-1182"	0	0	0	0	NA
"hsa-miR-1197"	0	0	0	0	NA
"hsa-miR-1204"	0	0	0	0	NA
"hsa-miR-1224-3p"	0	0	0	0	NA
"hsa-miR-1246"	0	0	0	0	NA
"hsa-miR-1260a"	0	0	0	0	NA
"hsa-miR-1286"	0	0	0	0	NA
"hsa-miR-1290"	0	0	0	0	NA
"hsa-miR-1303"	0	0	0	0	NA
"hsa-miR-1469"	0	0	0	0	NA
"hsa-miR-1827"	0	0	0	0	NA
"hsa-miR-1908-5p"	0	0	0	0	NA
"hsa-miR-1909-3p"	0	0	0	0	NA
"hsa-miR-2113"	0	0	0	0	NA
"hsa-miR-2115-5p"	0	0	0	0	NA
"hsa-miR-2117"	0	0	0	0	NA
"hsa-miR-219a-2-3p"	0	0	0	0	NA
"hsa-miR-3141"	0	0	0	0	NA
"hsa-miR-3142"	0	0	0	0	NA
"hsa-miR-3153"	0	0	0	0	NA
"hsa-miR-3162-5p"	0	0	0	0	NA
"hsa-miR-3167"	0	0	0	0	NA
"hsa-miR-3182"	0	0	0	0	NA
"hsa-miR-3663-5p"	0	0	0	0	NA
"hsa-miR-3675-3p"	0	0	0	0	NA
"hsa-miR-3679-5p"	0	0	0	0	NA
"hsa-miR-3681-3p"	0	0	0	0	NA
"hsa-miR-3689a-5p"	0	0	0	0	NA
"hsa-miR-3689b-5p"	0	0	0	0	NA
"hsa-miR-3692-5p"	0	0	0	0	NA
"hsa-miR-3907"	0	0	0	0	NA
"hsa-miR-3915"	0	0	0	0	NA
"hsa-miR-3921"	0	0	0	0	NA
"hsa-miR-3924"	0	0	0	0	NA
"hsa-miR-422a"	0	0	0	0	NA
"hsa-miR-518d-3p"	0	0	0	0	NA
"hsa-miR-518f-3p"	0	0	0	0	NA
"hsa-miR-518f-5p"	0	0	0	0	NA
"hsa-miR-519b-3p"	0	0	0	0	NA
"hsa-miR-519c-3p"	0	0	0	0	NA
"hsa-miR-519e-3p"	0	0	0	0	NA
"hsa-miR-519e-5p"	0	0	0	0	NA
"hsa-miR-520a-5p"	0	0	0	0	NA
"hsa-miR-523-3p"	0	0	0	0	NA
"hsa-miR-524-3p"	0	0	0	0	NA
"hsa-miR-525-3p"	0	0	0	0	NA
"hsa-miR-526b-3p"	0	0	0	0	NA
"hsa-miR-527"	0	0	0	0	NA
"hsa-miR-548u"	0	0	0	0	NA
"hsa-miR-548w"	0	0	0	0	NA
"hsa-miR-568"	0	0	0	0	NA
"hsa-miR-574-5p"	0	0	0	0	NA
"hsa-miR-575"	0	0	0	0	NA
"hsa-miR-588"	0	0	0	0	NA
"hsa-miR-601"	0	0	0	0	NA
"hsa-miR-602"	0	0	0	0	NA
"hsa-miR-603"	0	0	0	0	NA
"hsa-miR-606"	0	0	0	0	NA
"hsa-miR-610"	0	0	0	0	NA
"hsa-miR-611"	0	0	0	0	NA
"hsa-miR-630"	0	0	0	0	NA
"hsa-miR-642b-3p"	0	0	0	0	NA
"hsa-miR-645"	0	0	0	0	NA
"hsa-miR-662"	0	0	0	0	NA
